1000 9902
752 816
109 365
695 490
533 507
744 148
66 416
86 935
698 952
872 120
265 110
673 121
655 185
679 7
183 796
356 312
229 566
801 157
706 538
52 17
295 838
74 585
91 573
916 698
927 775
21 794
406 536
482 498
869 742
943 355
126 829
130 598
60 411
152 982
192 771
448 445
165 732
469 345
416 859
439 493
218 603
901 749
670 188
41 34
886 154
243 900
30 287
740 587
652 469
384 728
527 951
255 78
455 632
370 932
425 701
227 745
266 763
874 596
415 286
474 838
130 410
24 905
596 249
779 555
140 103
580 533
840 442
897 725
93 946
595 432
27 556
390 745
943 618
749 839
571 171
414 548
446 47
791 422
336 536
478 871
119 807
571 24
537 408
613 397
443 397
855 320
747 443
984 919
180 584
338 147
989 410
917 109
68 901
569 664
555 413
394 189
507 284
513 929
163 632
824 160
47 898
186 1000
869 70
214 133
161 15
859 80
18 400
533 287
203 916
754 97
938 321
833 573
178 714
935 44
705 763
389 152
375 35
855 885
397 701
293 380
61 752
238 795
431 482
754 251
167 484
843 774
104 412
655 435
895 542
322 213
957 167
423 719
139 808
549 562
395 642
285 746
204 244
187 548
973 701
830 798
9 760
374 394
178 225
198 228
477 947
959 719
249 76
636 584
729 218
433 309
182 616
528 798
425 665
889 412
652 328
671 572
301 665
675 569
351 66
365 879
279 323
248 131
391 261
448 837
590 90
219 514
590 567
906 606
943 921
268 167
749 922
541 910
49 80
400 646
20 695
756 249
222 693
656 471
782 109
116 207
281 310
724 526
301 843
220 317
120 377
298 583
822 6
492 669
935 285
862 775
388 367
355 623
873 238
671 295
712 172
187 997
272 893
884 490
725 938
911 325
807 180
848 427
132 380
977 201
155 565
185 910
390 80
787 440
392 80
122 947
15 86
60 637
242 376
722 686
584 803
378 136
216 291
269 487
824 34
369 891
460 406
448 374
969 948
860 983
631 20
796 79
744 680
531 266
53 594
661 915
856 401
766 948
936 489
460 715
420 130
264 422
800 360
286 679
178 20
161 802
183 805
221 402
974 720
222 853
114 834
867 384
596 194
429 165
984 356
783 646
418 598
164 86
68 985
704 99
540 409
118 931
322 902
362 235
662 940
25 473
488 541
14 867
73 485
625 688
646 624
767 204
488 940
383 529
258 704
357 182
67 60
570 281
272 556
736 1
542 963
410 694
582 448
286 29
895 244
955 350
870 335
632 345
15 758
453 645
269 129
204 269
134 224
393 938
927 941
696 717
313 131
367 816
543 733
52 280
20 382
267 536
82 979
782 430
472 907
535 818
593 485
388 137
227 163
636 93
138 592
237 6
611 265
545 139
307 232
939 415
528 834
873 663
195 959
201 574
697 673
294 817
633 547
260 865
389 5
763 160
766 833
583 117
372 707
679 422
131 212
779 800
445 300
175 135
107 213
363 111
438 607
305 928
495 666
335 461
136 653
339 902
692 898
71 455
952 559
718 646
3 191
80 794
248 332
157 878
853 753
585 883
141 277
549 232
112 395
975 130
813 291
409 101
619 92
732 917
235 343
201 203
40 327
25 437
297 696
808 836
876 468
367 291
885 290
300 152
271 553
663 432
40 107
529 551
184 3
353 595
63 792
817 236
637 483
674 367
656 686
533 24
556 143
884 268
96 863
246 877
768 903
864 816
96 426
993 668
704 809
579 455
33 447
90 184
146 758
717 109
691 942
413 396
329 827
262 691
322 70
731 302
769 525
42 89
575 113
946 691
685 169
344 289
416 126
91 572
166 46
792 457
339 614
433 733
71 103
166 185
949 287
478 127
316 782
722 777
268 745
948 379
880 401
221 647
352 602
188 304
351 772
958 308
446 616
217 11
992 682
24 726
22 843
117 455
808 610
201 820
974 665
921 531
494 999
575 922
312 881
528 731
818 12
505 383
748 461
197 81
953 787
880 861
827 806
205 582
611 991
704 171
281 140
339 128
608 695
559 724
878 286
529 993
366 538
991 793
426 663
779 409
909 534
327 853
823 112
202 618
701 458
188 713
194 522
67 296
50 550
197 917
842 602
354 836
337 18
154 632
608 243
992 274
538 738
975 587
834 589
391 650
252 218
345 424
362 630
266 368
677 786
294 290
958 773
941 585
981 748
375 141
603 86
51 915
824 297
716 335
794 861
688 488
360 909
554 257
159 946
958 289
338 807
304 923
431 82
880 302
57 521
525 184
562 534
303 20
568 507
142 146
801 634
153 635
799 724
250 141
743 443
355 458
641 847
127 86
974 757
666 298
135 605
373 242
783 685
706 938
598 612
291 176
844 796
477 197
116 443
462 171
279 435
525 439
822 731
571 345
275 900
844 883
334 481
837 502
932 286
239 300
96 22
849 424
701 583
949 637
471 137
163 168
720 667
257 435
958 741
116 200
734 524
817 219
364 670
90 943
453 543
755 947
647 27
135 529
483 596
769 930
37 929
25 937
409 522
966 870
916 63
39 184
402 829
629 680
549 789
850 711
907 660
380 154
146 318
773 355
543 649
527 276
87 285
713 854
734 968
695 578
644 464
510 924
858 233
234 834
694 915
554 485
829 701
497 444
878 236
381 770
899 947
80 499
579 987
193 52
303 187
786 35
878 709
411 748
795 787
619 567
585 747
340 288
113 809
10 968
688 976
283 468
944 752
550 426
257 561
633 544
41 138
773 729
983 450
541 557
874 538
526 387
187 289
279 241
148 700
387 688
841 141
621 657
205 526
831 814
281 70
871 89
469 965
276 335
206 136
633 156
548 147
325 262
407 15
872 563
358 786
736 2
525 390
208 427
392 674
473 682
827 298
860 694
168 893
449 544
932 615
275 348
739 643
955 462
854 688
357 504
362 590
54 264
25 566
727 19
366 505
977 820
281 845
33 902
570 973
755 459
596 845
122 552
797 242
535 930
661 611
277 926
481 559
255 737
904 119
905 258
265 675
798 599
711 178
400 470
739 846
948 930
406 348
355 292
624 875
507 609
753 841
827 718
683 546
723 529
126 685
516 750
585 528
754 629
205 895
60 70
740 544
373 57
250 308
605 510
864 66
334 652
26 197
923 369
831 942
580 563
46 115
845 657
718 417
719 136
776 732
745 517
509 156
828 642
831 723
776 683
262 330
429 315
214 691
853 790
104 697
528 203
803 33
604 126
182 12
888 217
64 756
533 39
917 184
402 459
594 471
315 538
964 229
374 27
243 300
872 348
558 719
405 773
237 822
481 780
833 599
612 654
112 843
68 720
779 56
116 708
872 122
213 302
199 271
882 911
259 586
646 330
939 220
868 206
949 267
623 356
611 60
497 324
579 770
28 4
568 113
95 108
613 751
796 1
710 629
448 447
835 573
341 428
514 718
688 819
346 530
416 689
791 798
778 903
528 574
142 294
535 277
493 562
693 408
904 881
801 735
287 444
600 79
763 429
377 218
433 152
714 251
879 807
491 174
398 750
404 623
889 264
390 590
407 868
818 13
627 137
689 824
139 347
896 638
111 623
750 786
896 493
842 377
996 694
742 406
766 24
716 821
186 116
354 978
850 47
432 156
250 895
324 410
767 950
384 95
793 181
577 798
90 891
908 142
493 398
902 384
251 676
569 271
492 714
259 891
902 19
775 291
835 76
730 936
301 664
506 602
310 622
303 467
927 757
952 479
241 168
649 385
298 49
831 105
635 888
797 9
488 351
797 186
69 771
911 950
915 435
511 690
167 486
886 986
89 110
53 459
386 686
369 814
522 578
818 749
946 438
361 878
506 129
372 762
680 726
406 260
594 724
673 256
160 382
523 965
249 82
804 270
382 790
681 93
266 622
944 953
139 500
636 697
508 856
53 911
438 951
735 679
37 498
27 748
361 682
97 96
503 912
992 243
775 818
561 354
447 653
343 555
482 515
862 600
316 48
245 634
908 352
286 148
533 893
754 36
846 492
82 246
957 813
655 654
859 867
306 673
769 31
238 348
129 248
945 894
158 125
988 820
864 778
862 773
59 744
546 218
929 194
489 731
751 23
994 686
78 423
704 786
431 573
12 881
695 556
733 665
94 665
111 293
710 977
669 177
502 738
963 908
769 731
203 771
540 642
354 429
942 794
464 309
561 665
803 932
893 660
687 706
398 251
327 51
3 505
756 883
22 534
773 806
969 523
161 966
435 227
114 926
575 767
724 283
173 619
467 306
218 640
936 491
519 824
795 48
135 563
762 69
755 552
665 190
749 774
888 659
37 452
321 570
639 238
607 332
738 173
575 802
638 466
692 718
242 498
214 805
963 587
197 185
384 330
629 166
595 106
281 246
210 52
193 770
233 237
380 644
127 649
222 663
225 401
723 398
45 134
249 539
252 646
50 540
405 782
957 817
228 935
376 914
820 675
488 844
417 208
56 528
788 449
155 836
690 991
752 952
641 161
492 643
453 643
77 23
25 900
636 266
325 980
270 422
521 420
613 54
321 927
764 166
124 69
181 954
119 194
122 610
124 180
834 257
934 347
299 336
907 913
574 597
51 467
507 149
825 248
437 706
189 353
30 778
999 656
449 28
288 158
599 836
334 903
431 21
346 575
19 399
683 916
740 707
868 408
799 798
620 361
35 677
933 68
873 93
407 125
191 758
526 493
140 280
395 513
293 817
918 363
478 306
641 950
920 37
567 449
482 896
66 707
784 922
72 924
514 303
847 465
425 608
600 146
304 383
106 167
917 242
110 807
890 69
375 917
694 479
896 514
490 169
733 123
9 493
814 996
708 303
525 335
417 402
146 816
182 146
440 621
457 945
21 16
404 136
6 844
390 431
893 998
897 25
71 922
706 114
312 406
190 411
64 795
194 966
410 827
531 573
215 60
473 588
740 967
426 245
726 424
254 621
81 457
778 497
941 611
460 107
354 482
371 512
778 320
7 630
618 515
431 346
713 877
143 86
902 993
172 710
485 665
17 643
790 774
645 1
951 816
838 626
736 980
53 502
863 453
574 8
338 720
624 825
188 306
227 268
554 616
196 837
252 969
400 322
758 455
819 65
606 155
993 310
10 650
502 432
322 810
749 657
164 25
607 375
918 486
791 160
813 756
418 666
912 203
235 164
680 55
164 104
476 138
81 574
922 28
425 604
114 387
185 744
443 160
262 420
874 132
768 569
417 461
127 752
262 311
409 865
488 998
72 229
258 646
817 734
361 9
334 323
755 553
665 449
870 442
712 36
287 108
807 431
755 70
149 321
560 104
673 847
492 715
898 760
884 401
152 458
564 535
142 677
920 975
78 507
206 556
281 667
928 490
198 652
380 231
844 150
539 704
620 837
262 669
804 826
440 163
385 870
756 962
503 152
70 613
143 475
114 665
375 322
123 429
485 782
562 177
330 833
946 439
231 387
35 748
865 589
173 518
490 846
530 73
235 981
292 404
113 433
444 63
763 475
192 758
255 111
884 637
761 238
300 542
887 634
411 479
808 89
495 589
12 121
89 602
603 625
899 307
560 633
614 396
906 605
27 668
984 681
268 162
821 848
241 860
112 548
610 319
210 81
945 2
563 751
927 118
760 47
811 729
258 763
222 696
121 587
528 133
489 47
168 756
101 154
980 627
141 799
769 30
115 18
834 572
851 390
618 391
945 893
512 312
531 516
513 17
769 399
132 601
774 152
764 812
87 57
402 707
582 509
646 102
152 294
63 48
234 263
234 686
218 43
930 744
129 522
902 143
950 113
50 135
561 527
691 1000
85 441
885 633
381 574
113 606
13 573
913 503
470 508
790 863
403 309
668 383
384 436
948 31
19 261
147 824
739 178
243 921
407 378
504 737
29 420
178 862
472 127
770 698
588 917
455 287
317 218
389 701
709 584
31 604
314 576
923 230
377 434
856 3
438 993
663 248
369 644
156 638
486 989
89 517
73 136
476 195
685 497
950 453
177 218
552 58
590 534
996 873
266 912
606 796
447 672
999 503
289 706
567 147
54 962
770 435
992 15
258 735
154 924
708 347
267 151
604 404
309 304
348 346
336 370
211 594
434 229
453 753
720 520
150 563
980 774
324 354
953 374
627 75
497 786
793 285
9 270
765 489
68 879
877 751
987 83
660 107
595 608
973 220
681 443
392 273
686 649
345 279
939 101
522 967
561 555
911 203
915 12
223 163
233 743
427 422
322 144
513 569
949 217
222 361
403 337
886 912
445 214
263 837
690 785
108 368
218 464
167 425
902 743
706 445
291 673
878 743
288 683
956 693
867 114
133 506
139 422
434 171
145 36
933 67
348 549
130 656
579 727
490 722
456 606
992 624
636 627
766 550
987 823
119 54
199 655
183 778
711 563
663 28
407 834
675 754
473 706
865 192
66 506
187 444
740 768
173 129
671 646
715 654
692 675
288 825
880 899
171 992
483 978
857 523
102 184
273 637
112 620
690 39
326 579
651 362
24 365
44 144
817 144
68 30
805 703
349 531
851 465
410 649
195 149
380 911
845 211
8 944
137 748
889 759
945 645
103 661
15 727
971 645
439 695
812 435
389 398
671 504
712 231
473 309
237 820
683 422
262 435
156 318
216 593
380 220
630 676
797 35
835 368
203 202
4 777
958 78
852 725
816 611
467 689
708 529
69 813
742 642
330 731
611 294
294 118
833 224
959 864
491 617
606 495
308 310
311 657
425 118
463 970
87 666
971 47
810 355
815 150
549 966
829 54
244 586
304 687
585 562
503 763
35 465
74 9
459 625
443 852
689 604
46 179
429 857
636 663
31 933
285 729
885 112
443 965
170 887
434 768
435 617
364 449
535 106
629 123
154 131
989 67
184 918
633 233
335 881
936 921
49 40
662 218
685 219
337 373
615 158
854 818
585 479
949 614
741 682
578 816
560 779
285 559
154 980
380 828
866 269
297 964
11 210
638 935
883 60
132 614
745 35
730 649
162 205
509 738
256 138
898 761
60 896
775 285
707 123
926 155
128 372
60 887
556 908
540 521
868 910
156 258
408 420
431 648
158 432
307 918
548 760
308 69
950 700
406 990
52 66
695 744
772 871
437 648
699 749
340 811
69 769
485 700
626 426
368 390
630 418
385 918
498 569
62 142
278 342
69 658
269 336
199 19
830 179
189 25
743 726
672 61
344 94
229 50
995 961
718 803
574 263
745 903
853 340
948 632
491 255
364 263
939 791
529 23
774 819
97 245
280 531
540 433
652 770
602 886
76 901
700 207
573 311
120 961
373 273
841 103
884 899
278 780
707 650
987 394
289 947
842 411
789 368
885 487
244 401
543 161
139 39
33 568
175 877
34 339
150 421
832 524
102 930
711 976
896 233
327 971
698 173
827 259
263 388
198 956
270 601
508 252
860 329
662 435
158 234
480 517
962 409
747 697
509 646
684 174
800 586
355 736
281 709
229 775
925 892
498 100
232 221
388 770
527 273
548 796
18 259
590 435
95 883
373 637
764 98
216 440
363 571
920 714
226 849
617 384
564 185
877 78
630 783
695 893
40 349
313 551
212 275
618 890
43 125
697 649
221 603
188 260
174 723
651 890
203 321
95 311
425 991
944 889
909 437
126 603
648 417
856 4
737 987
454 493
629 273
351 639
390 901
317 955
946 13
44 498
81 756
98 714
316 373
173 156
176 640
990 493
560 614
508 604
344 741
440 996
276 330
888 482
300 176
653 990
148 268
59 955
23 604
823 949
756 72
134 974
947 506
234 350
641 54
275 752
144 509
377 623
99 980
209 20
816 60
745 106
656 725
842 736
884 347
778 72
410 852
307 560
919 526
459 349
871 76
797 429
399 113
493 118
673 80
838 874
765 714
214 48
752 759
809 624
848 208
497 460
264 955
156 249
708 574
527 410
94 405
60 541
96 974
613 871
565 196
997 497
316 870
272 337
971 2
130 766
593 532
687 966
250 81
537 809
610 817
938 744
47 468
948 385
24 771
870 630
800 392
477 589
917 559
844 577
166 605
630 86
390 609
451 597
783 742
41 901
214 980
13 343
785 262
235 331
435 701
758 933
686 70
727 686
413 546
430 896
41 679
392 867
917 496
31 4
755 846
28 86
349 737
962 652
853 817
589 491
545 92
607 870
404 121
188 656
432 834
909 720
771 755
721 844
206 820
678 56
397 801
470 889
206 310
664 220
100 494
392 447
621 572
177 611
308 243
163 720
417 278
822 867
95 158
392 270
963 953
697 708
967 993
910 323
843 684
544 271
123 18
660 733
282 770
951 819
716 148
331 254
244 693
836 119
749 476
991 419
260 833
554 141
985 193
528 561
86 471
199 844
222 247
193 344
389 756
191 824
50 444
767 281
71 278
257 638
351 550
174 997
446 846
13 409
841 360
921 384
832 101
135 906
211 96
710 376
491 816
734 140
723 253
174 199
487 260
515 137
194 979
947 866
282 364
727 690
727 255
605 18
642 28
92 75
702 916
44 230
299 199
745 375
62 618
529 630
224 471
567 218
163 176
880 654
475 226
432 159
659 688
676 882
401 864
937 950
121 655
379 511
31 286
254 941
366 235
137 271
232 139
802 43
752 962
968 799
417 15
328 702
481 19
792 109
668 704
831 180
444 129
742 977
467 897
214 158
15 347
742 928
251 903
843 310
189 453
996 43
262 659
655 152
893 445
596 640
404 316
284 110
836 370
200 805
455 23
117 5
342 495
757 548
848 768
80 410
28 538
429 521
710 410
568 511
202 133
365 439
577 119
246 90
122 92
911 710
53 746
605 272
4 290
723 970
320 119
732 644
786 364
39 792
257 824
782 664
377 251
936 16
614 563
316 338
439 20
900 538
81 536
193 650
19 876
70 336
325 510
791 336
906 554
817 702
220 20
572 865
559 613
965 849
837 387
875 720
987 720
571 59
849 317
103 425
996 548
577 846
196 172
396 990
825 692
681 824
846 98
812 86
445 667
462 363
19 950
915 935
293 967
889 686
928 554
731 223
916 59
320 858
410 992
930 235
200 532
682 920
350 554
441 782
43 78
509 226
503 164
221 775
620 165
658 304
586 254
808 733
570 932
701 398
136 90
100 875
801 344
530 374
252 702
713 948
825 338
795 870
43 765
38 235
464 711
860 940
445 402
71 184
643 459
312 601
241 826
212 597
248 599
840 827
895 799
473 970
438 628
844 719
974 682
611 172
813 536
170 554
624 33
145 344
511 151
205 808
576 132
188 218
117 44
430 139
982 948
163 268
160 505
290 130
780 389
412 769
650 523
287 624
130 206
224 157
206 285
120 990
840 503
662 16
315 423
724 841
428 126
14 791
58 399
429 613
844 460
560 837
297 865
84 607
768 644
16 919
736 6
775 49
872 582
484 308
121 726
486 494
803 440
971 25
457 756
404 469
315 754
246 794
690 986
341 638
380 980
437 11
384 905
599 736
981 37
690 941
347 306
803 595
102 568
267 597
271 5
54 447
424 900
838 875
860 739
862 248
188 660
902 247
228 857
640 311
965 144
53 366
811 912
97 662
849 357
482 488
539 398
573 414
216 260
566 548
805 340
751 744
488 166
649 184
504 767
820 439
734 341
274 303
294 810
957 234
355 296
415 514
472 460
827 706
848 615
297 231
778 549
283 436
88 28
16 265
143 928
936 458
575 621
727 986
602 525
163 917
18 714
406 45
779 517
746 688
528 259
467 49
766 695
468 350
552 137
793 865
866 889
461 563
888 289
266 547
999 55
487 483
755 563
735 521
496 958
338 81
196 439
254 69
715 981
386 979
591 78
858 731
864 120
617 848
615 197
138 475
34 152
235 109
400 594
475 54
148 144
571 759
121 754
65 679
157 207
432 978
717 407
763 412
555 736
636 297
625 504
626 851
102 548
416 149
218 225
741 243
122 901
838 855
511 565
76 86
649 506
243 767
464 752
764 427
583 673
839 315
513 539
473 70
740 396
388 505
209 588
856 641
450 686
786 212
97 547
374 49
131 166
386 24
1 106
855 659
536 753
265 957
140 319
435 333
211 117
991 320
463 155
818 950
710 232
306 226
847 257
317 595
727 732
802 757
453 371
224 69
810 820
463 302
399 726
606 730
954 283
516 742
478 873
199 305
249 615
589 573
475 229
148 810
82 449
444 696
926 364
659 691
642 831
42 595
519 487
814 737
316 627
916 177
760 819
465 233
259 895
167 370
608 470
312 147
590 298
7 371
688 286
82 517
982 144
488 308
640 465
238 128
518 470
329 744
191 266
873 935
237 15
824 157
51 672
42 38
557 645
669 971
895 660
29 300
123 49
749 157
307 182
198 588
237 457
756 795
317 465
688 715
247 144
449 217
531 135
483 588
790 656
536 559
669 749
601 207
900 192
914 148
273 36
873 369
19 456
723 604
635 440
196 932
160 370
235 982
476 468
389 776
162 871
230 893
554 977
41 802
350 308
810 949
835 968
70 183
888 746
390 558
395 836
70 198
606 916
129 304
348 956
462 172
779 730
380 525
568 939
788 612
797 786
62 949
266 842
250 701
567 39
82 18
174 450
96 639
668 912
315 376
391 967
312 482
275 726
862 894
314 176
975 645
464 237
281 425
928 700
397 791
38 523
638 39
202 877
522 204
9 279
416 511
57 3
220 601
522 95
228 124
484 966
158 259
984 197
933 647
556 882
315 804
526 558
657 717
964 479
237 139
682 808
574 794
27 501
359 952
364 95
548 877
460 557
441 751
778 662
70 580
611 352
773 913
226 990
985 27
769 874
535 635
739 4
189 59
924 434
628 788
916 862
689 696
407 85
377 436
40 164
424 3
353 163
151 80
959 745
528 649
670 852
303 789
676 273
804 302
770 842
255 12
771 63
173 265
451 635
841 295
913 850
485 174
743 184
322 896
931 818
127 855
799 267
214 825
969 212
475 271
132 996
519 760
210 48
340 595
270 878
292 990
371 127
908 256
323 992
823 951
127 538
936 585
205 508
730 557
216 690
243 166
426 394
559 862
926 55
655 543
622 486
452 442
916 105
555 475
294 397
529 400
726 384
200 418
474 1
699 984
114 24
993 763
225 849
29 65
603 100
531 771
492 413
988 570
578 314
427 167
489 981
623 222
317 311
691 630
655 211
570 953
305 16
174 531
873 520
69 711
949 54
826 670
811 334
226 994
445 68
49 923
892 403
510 769
751 600
844 270
666 986
829 446
813 857
151 150
835 725
52 713
611 122
437 412
64 151
961 159
799 683
835 866
533 338
184 560
168 85
352 658
771 187
101 825
102 450
130 81
197 470
338 243
446 803
344 933
718 571
595 300
230 497
171 997
373 471
12 147
125 374
97 285
867 785
548 543
488 910
966 743
550 998
202 624
67 306
908 292
471 76
754 90
771 612
771 200
718 102
205 113
336 480
651 923
926 19
260 441
593 136
831 146
191 51
928 595
954 811
904 476
750 401
146 259
552 770
595 676
264 970
194 23
802 342
401 343
420 757
682 224
721 270
316 550
190 987
962 16
160 26
824 113
661 642
939 352
479 443
28 1
708 675
820 485
900 93
792 638
411 56
322 405
967 39
751 636
832 298
669 697
765 784
640 929
921 79
474 757
998 800
677 111
1 710
74 52
404 645
131 71
761 214
762 121
525 171
377 221
675 514
162 947
386 11
671 726
609 921
469 678
150 195
364 174
373 314
303 547
767 206
589 730
534 165
386 301
751 429
707 659
231 829
434 609
250 34
776 816
941 110
146 784
76 721
607 823
719 905
119 685
509 925
278 591
565 372
681 914
180 710
842 727
629 557
868 683
397 835
215 988
970 586
411 555
871 689
199 456
254 653
217 193
720 241
518 68
703 968
561 999
798 980
340 183
273 735
173 958
548 326
465 2
881 403
604 96
26 672
354 373
762 630
89 192
604 673
113 250
955 969
207 656
384 51
302 636
531 134
238 594
22 527
56 545
654 64
108 458
737 576
97 959
209 841
174 805
377 415
514 626
887 705
191 862
509 884
809 155
866 988
580 850
891 627
250 361
568 590
330 257
370 218
282 428
783 728
400 991
25 454
867 587
248 249
567 668
323 745
495 815
666 121
686 124
672 986
152 156
681 540
451 218
769 225
533 888
975 279
310 178
632 172
9 389
87 54
198 947
208 227
10 57
963 85
475 799
333 341
778 34
707 88
194 189
417 875
394 299
531 742
366 487
356 153
449 489
251 933
472 950
74 982
60 645
846 988
78 586
527 387
961 967
441 750
830 112
687 713
605 976
169 148
407 374
10 714
670 552
487 119
791 748
463 911
635 470
729 29
288 341
397 13
368 131
277 727
639 143
101 726
797 409
218 653
205 853
788 829
120 659
623 863
19 709
117 42
444 334
173 264
781 73
861 187
836 612
866 851
685 467
36 151
220 212
905 902
232 762
638 294
785 424
560 1000
104 564
286 362
768 741
325 256
845 969
171 678
729 868
586 935
642 885
862 968
205 507
906 814
232 295
822 74
309 429
261 458
690 984
551 921
772 986
55 718
162 708
165 559
312 221
864 922
149 502
613 49
704 883
544 754
215 885
953 84
366 387
406 353
975 815
808 812
436 245
511 531
154 596
460 211
482 375
146 62
961 451
625 855
515 564
143 287
806 245
865 687
569 862
711 168
846 265
307 30
319 925
476 639
38 466
429 591
356 753
602 745
986 584
38 301
773 662
649 920
374 501
451 824
311 476
351 975
870 629
249 13
322 707
605 504
953 911
33 630
64 438
118 889
37 663
909 184
602 954
808 21
537 761
843 927
89 918
183 36
7 378
762 439
344 708
628 348
5 799
103 290
340 624
823 101
145 902
864 122
132 872
392 757
104 703
113 337
908 293
177 309
409 827
306 659
695 175
328 935
108 410
244 57
665 488
63 769
46 561
215 74
660 309
453 721
20 84
794 575
155 807
707 242
863 26
714 439
289 957
950 394
650 94
299 4
670 21
169 528
117 874
333 285
116 595
100 120
124 102
73 800
980 648
856 613
928 306
674 810
664 364
178 512
489 833
972 154
593 331
132 81
960 626
636 239
969 996
986 778
19 321
938 937
903 937
761 522
292 650
655 468
307 122
868 441
83 739
28 288
178 245
640 930
274 672
772 167
259 12
79 663
151 42
75 855
32 914
970 248
754 659
314 516
847 658
232 901
115 592
296 918
49 322
314 870
62 780
371 280
82 157
814 922
12 176
325 311
372 246
598 940
447 297
422 930
703 567
409 789
817 176
637 303
177 337
125 123
197 926
466 382
989 402
383 935
367 34
59 853
25 805
941 271
141 839
570 75
123 541
559 785
484 93
659 403
306 921
309 22
517 593
791 1
152 463
53 17
996 255
579 57
872 461
412 176
204 352
75 342
579 198
670 275
692 495
352 770
401 306
724 1
707 298
82 819
485 696
507 848
19 236
85 115
144 619
476 688
244 660
503 814
505 224
89 481
662 604
991 384
276 831
834 349
361 993
490 647
734 418
58 963
493 528
922 808
502 358
198 111
844 565
956 95
830 608
118 822
836 741
304 478
250 374
468 289
93 204
828 1
520 978
939 920
465 621
597 716
802 676
720 997
516 422
295 737
408 507
542 674
836 923
589 29
996 48
79 175
785 284
914 888
594 228
724 935
451 221
870 456
181 285
54 5
681 829
483 605
817 301
185 203
133 811
315 600
154 726
565 808
735 639
986 287
894 700
328 556
898 840
868 942
426 89
934 305
955 758
596 816
959 198
907 619
657 604
235 616
255 613
807 914
333 519
796 417
389 885
545 231
673 426
378 144
910 425
803 865
846 767
778 615
356 591
182 947
687 814
140 483
979 915
344 62
531 33
165 48
204 538
153 600
226 62
264 479
698 844
876 36
17 249
22 778
692 950
749 707
880 190
422 210
253 569
490 413
257 980
295 820
188 836
827 871
97 390
358 111
841 7
775 141
216 197
814 978
926 648
603 525
344 664
25 195
408 245
673 703
927 230
548 233
275 647
426 505
883 249
237 553
57 323
893 62
336 660
601 687
928 585
90 172
702 495
793 401
632 423
579 96
565 957
124 67
52 224
54 434
233 44
21 555
560 275
835 155
929 962
548 828
682 778
613 786
213 388
734 574
237 510
378 898
471 60
959 843
691 745
928 245
30 597
805 337
591 924
761 621
890 331
429 573
491 268
511 961
293 30
723 681
540 49
744 652
467 359
607 921
341 258
837 457
203 353
386 771
390 827
678 274
112 165
404 739
188 10
226 181
32 998
433 36
473 596
774 876
743 329
429 129
467 50
54 534
810 863
776 707
915 966
546 745
653 259
68 357
659 954
920 398
828 303
206 239
872 903
897 994
188 573
337 157
291 316
183 378
79 389
871 937
567 400
645 450
167 806
676 584
312 267
77 53
333 395
480 961
752 809
24 837
132 494
521 458
800 671
584 450
938 229
422 466
61 626
744 44
640 84
51 388
440 141
403 885
411 796
293 464
612 242
482 395
791 678
23 280
467 402
250 14
195 899
696 156
770 639
181 604
834 374
160 361
52 687
369 399
148 942
937 103
313 829
499 914
245 186
599 26
445 328
670 771
748 39
126 407
61 423
947 299
959 57
201 909
273 488
226 456
528 354
965 947
912 905
514 269
885 236
211 469
799 316
487 256
288 858
399 674
719 117
442 131
426 780
245 766
249 763
983 544
451 339
234 97
141 531
89 866
40 724
132 958
81 978
304 127
33 535
489 53
822 273
551 749
534 455
594 144
703 566
74 969
746 87
529 763
695 178
699 183
132 732
742 235
45 345
764 919
820 609
489 343
336 462
824 467
987 97
555 293
149 444
134 160
392 351
526 678
449 658
603 49
252 65
659 259
860 384
312 150
226 612
977 228
100 29
265 32
627 292
323 391
604 524
626 84
184 63
460 276
852 758
264 119
265 258
748 583
415 784
677 461
768 423
268 950
360 722
956 532
830 37
304 915
213 45
285 624
753 40
222 437
630 470
888 817
668 55
905 323
65 494
953 752
286 918
313 744
10 988
710 968
658 140
397 120
454 107
312 560
645 402
316 8
373 73
890 101
875 251
70 27
927 65
991 673
784 209
525 205
526 350
840 737
268 122
788 769
680 906
615 842
46 67
943 819
233 472
322 955
107 435
628 759
153 419
59 180
158 680
785 450
418 813
704 318
888 459
172 508
267 16
898 290
427 726
390 478
873 298
49 216
414 464
732 123
272 569
133 520
751 471
873 443
964 6
819 829
229 32
926 478
284 549
663 997
688 223
863 566
935 485
907 652
474 219
937 705
834 843
216 526
380 257
682 791
556 764
809 904
445 859
483 24
334 442
708 967
178 630
289 311
460 312
959 854
726 39
731 671
761 391
809 825
747 619
846 764
960 699
843 86
701 364
98 131
250 70
444 82
481 378
100 708
382 938
862 80
149 523
645 502
653 802
335 496
852 206
448 156
322 765
587 171
221 489
464 187
923 365
861 185
37 471
59 355
634 885
649 685
620 192
417 685
948 895
278 946
872 797
340 751
859 521
533 952
296 73
684 692
921 158
707 621
729 761
72 212
325 270
167 735
284 857
802 794
145 809
756 85
564 584
427 835
746 175
250 958
54 230
613 349
634 792
103 623
4 570
676 517
589 292
20 33
393 977
180 303
475 893
630 803
918 697
281 676
726 502
393 34
17 638
126 456
864 523
885 939
85 359
173 900
892 200
144 662
489 875
476 859
576 649
619 749
126 783
623 441
844 442
312 795
352 984
772 551
78 838
482 87
789 655
431 18
952 875
700 729
916 910
728 928
71 152
588 774
86 928
188 404
123 585
966 143
913 17
17 228
130 285
756 563
960 468
743 507
908 780
527 970
547 459
589 977
608 416
999 162
257 823
311 252
939 995
961 559
46 123
726 637
609 221
24 597
281 42
391 213
291 449
935 920
940 818
392 872
599 623
432 25
784 206
71 770
681 602
461 994
297 833
300 32
510 910
932 685
167 848
828 526
673 971
301 906
379 470
343 115
626 621
54 194
954 980
811 965
546 170
530 871
416 32
570 36
11 861
868 769
985 619
488 77
945 133
825 978
972 807
169 534
260 379
999 879
617 144
13 669
108 541
195 167
7 741
228 390
234 883
18 324
735 465
739 786
5 90
924 160
806 132
481 545
490 911
1 904
751 520
221 621
661 752
459 952
540 999
248 693
948 6
568 488
398 805
188 457
192 908
709 633
674 748
449 845
342 582
182 747
2 389
130 334
972 457
523 977
34 265
415 371
643 148
351 557
779 980
706 556
18 24
490 323
236 355
956 36
558 848
406 205
227 79
546 808
527 607
396 499
879 835
679 816
905 883
983 690
618 772
235 298
993 154
836 816
432 438
73 420
571 165
55 76
77 404
449 853
980 503
33 534
471 252
77 357
673 614
640 579
846 11
314 152
833 888
715 185
86 652
881 596
571 67
293 814
727 141
927 991
911 506
54 345
169 737
828 880
189 766
626 539
707 97
564 542
199 453
207 974
318 429
450 125
783 357
949 85
454 541
806 454
40 737
517 881
792 272
691 432
341 133
911 9
365 255
609 865
482 317
640 755
87 855
131 488
904 168
813 930
468 879
625 100
8 204
562 527
47 181
909 314
592 475
324 332
914 144
74 373
863 476
374 384
44 830
621 129
805 74
779 867
819 859
636 578
785 22
17 172
385 342
995 677
401 738
856 221
474 800
805 172
109 719
754 772
978 656
83 76
600 162
339 54
323 605
412 826
456 378
239 593
985 885
634 321
373 283
968 277
970 847
662 9
790 50
884 905
922 234
779 303
709 34
254 129
382 474
22 781
732 322
650 720
491 26
28 1000
188 125
128 234
861 280
662 363
920 374
404 79
977 379
685 74
634 914
215 159
987 174
272 585
310 177
524 479
52 488
992 311
657 34
135 335
104 919
712 214
566 17
471 343
842 857
11 563
590 155
785 899
152 301
206 736
851 749
290 647
405 567
43 69
137 8
17 968
146 326
238 160
702 211
133 92
502 789
428 648
431 283
644 360
973 484
547 754
130 613
666 851
46 860
911 771
75 35
493 720
222 406
406 329
243 985
943 402
731 956
951 999
556 892
338 546
747 122
731 813
165 911
170 535
706 741
102 474
766 525
639 257
270 248
889 70
671 538
502 499
527 614
452 716
291 198
519 982
540 488
776 602
62 891
429 44
175 440
892 958
676 243
861 41
650 914
614 419
118 562
176 789
513 394
239 474
741 548
827 857
615 79
746 906
158 788
913 513
58 392
314 126
277 106
23 602
651 149
780 887
139 121
175 783
487 553
861 380
719 834
64 920
859 839
372 860
936 732
831 277
933 556
708 96
447 28
730 728
694 55
950 429
445 555
377 845
413 13
997 394
707 57
670 79
87 331
769 654
73 777
113 980
901 409
975 808
513 641
843 646
76 47
646 359
333 600
264 929
378 323
821 195
388 60
686 127
800 962
365 625
611 384
83 603
605 674
825 482
754 392
27 96
18 805
38 288
800 287
80 293
752 56
834 899
849 914
683 682
508 809
415 303
862 476
420 119
738 214
279 300
199 73
874 45
995 19
73 173
884 803
757 91
500 52
338 187
927 273
642 387
92 462
20 531
221 238
187 147
46 346
174 399
36 404
832 731
886 546
214 571
660 321
219 147
543 500
750 582
750 712
589 374
536 382
185 144
901 586
542 180
580 15
284 604
52 416
775 972
898 748
367 233
265 185
52 343
398 383
551 783
272 959
475 856
595 571
337 863
752 698
493 84
355 911
47 973
910 325
124 208
18 325
319 383
298 213
433 890
489 838
164 766
682 724
517 62
646 466
117 570
489 150
156 74
458 26
216 229
273 930
717 935
133 438
675 859
329 321
400 299
420 806
124 758
672 391
252 75
70 930
731 996
572 416
517 353
353 382
193 277
13 2
218 832
297 343
749 649
731 987
991 732
795 353
712 513
76 920
572 117
116 425
366 132
655 288
754 963
336 900
614 363
248 80
749 828
765 39
148 339
166 940
262 303
375 722
746 962
463 220
90 558
440 529
964 44
788 274
147 394
510 466
811 915
283 429
345 517
753 501
129 772
280 152
209 86
797 333
375 865
334 582
485 293
57 490
459 394
132 508
63 4
507 390
180 480
181 73
509 620
493 167
170 218
7 573
910 694
712 409
894 609
56 157
958 130
373 610
337 724
449 434
427 145
199 234
179 855
455 124
301 354
273 592
902 965
815 492
472 252
667 776
772 465
702 22
33 122
946 476
88 780
450 655
918 376
454 847
809 876
226 494
354 83
743 719
563 285
981 54
214 493
557 492
92 963
577 73
743 604
134 780
394 937
236 418
494 798
776 321
740 530
250 258
178 103
638 387
308 934
607 194
790 358
918 299
939 780
157 955
412 900
525 83
171 771
409 186
134 308
145 656
292 173
908 59
301 148
343 536
269 751
275 910
311 84
758 999
414 327
913 548
263 150
383 614
638 232
759 772
607 791
978 213
797 527
546 497
195 197
286 44
489 416
128 154
652 960
389 301
621 988
712 72
531 524
289 905
966 973
447 558
64 859
138 254
855 95
547 790
94 759
220 817
143 240
864 609
750 59
254 60
125 576
368 763
173 926
542 313
238 784
960 526
7 711
799 924
327 187
94 194
991 80
353 452
635 490
619 545
709 40
628 785
922 221
810 290
652 876
687 920
992 95
448 306
352 651
156 711
322 763
735 893
386 92
687 254
836 708
585 860
752 448
576 9
979 180
847 190
11 710
113 545
603 864
876 340
70 295
440 892
258 437
248 25
488 520
877 855
343 666
917 359
645 840
427 679
908 430
822 300
932 292
662 133
976 636
370 423
90 998
491 685
69 935
375 612
332 623
617 783
618 80
125 32
401 802
788 458
311 731
870 378
428 297
769 483
994 850
976 809
959 432
247 354
506 552
323 146
929 467
290 313
59 636
599 126
623 116
863 677
702 381
369 993
708 918
512 169
859 258
129 671
920 702
78 682
87 424
329 668
934 419
28 58
981 908
184 360
544 472
198 377
700 731
577 128
8 133
50 256
268 335
491 414
257 762
165 977
792 773
134 89
389 665
534 476
822 861
202 86
51 523
739 440
141 185
608 600
650 453
662 560
875 82
782 642
897 596
880 812
516 490
311 254
253 335
595 307
637 948
304 360
413 650
839 580
680 211
274 892
727 679
598 789
965 254
648 729
749 855
309 634
515 291
148 440
172 454
970 204
339 463
641 329
73 287
519 360
416 488
874 75
358 360
729 836
30 222
858 455
486 396
803 346
698 108
57 348
845 203
58 143
242 864
759 901
315 532
906 81
375 924
637 105
587 796
146 602
698 479
186 299
155 936
372 594
321 448
873 147
525 778
712 239
772 585
242 66
575 132
152 358
797 394
946 836
32 268
17 600
345 379
733 728
194 16
967 879
39 344
332 422
905 74
998 887
237 479
467 938
960 630
66 201
749 68
388 840
978 870
43 571
635 37
304 889
674 635
61 51
302 327
832 73
187 645
867 231
100 670
728 159
119 237
974 740
98 427
316 470
120 719
482 970
269 1000
743 293
460 917
374 759
250 449
344 902
771 139
645 750
774 31
705 403
396 380
148 493
349 316
741 247
213 745
49 32
72 159
71 851
684 382
49 177
69 926
870 32
585 336
76 605
862 900
276 111
674 390
951 394
241 903
59 710
704 657
724 732
449 742
447 87
464 945
363 920
215 987
717 437
370 32
866 766
933 960
968 917
932 816
702 426
5 154
423 191
741 128
413 357
39 495
248 902
138 908
13 528
103 996
147 950
204 189
482 315
228 267
543 956
215 543
19 240
270 78
83 933
734 531
191 534
657 918
752 276
398 148
481 325
645 253
26 591
541 246
406 274
422 133
9 740
47 350
126 551
382 909
843 141
183 676
717 684
500 472
248 433
579 663
818 965
486 863
556 422
92 738
874 926
296 999
649 549
601 284
312 565
583 340
306 128
932 220
2 137
311 177
421 593
850 453
120 858
282 425
528 321
569 946
785 310
872 804
136 942
374 578
966 262
434 687
405 30
79 171
961 99
83 172
945 57
645 996
228 550
780 845
874 112
12 295
263 993
859 716
950 165
254 790
737 296
538 811
450 411
180 560
200 174
272 587
111 984
538 984
777 546
564 734
46 621
621 987
582 611
694 41
509 813
259 816
186 368
685 874
192 890
393 954
751 25
574 241
685 763
746 71
153 699
391 624
379 254
825 8
897 491
556 872
243 415
112 838
770 126
915 251
394 703
969 838
270 157
950 515
558 357
66 158
35 853
402 252
288 251
237 312
632 954
230 899
985 142
862 196
735 94
95 319
880 35
623 757
455 679
4 269
745 875
102 472
84 51
987 802
986 659
120 411
26 244
559 450
454 379
140 76
322 875
434 881
662 969
535 53
775 618
154 80
567 649
818 203
906 93
729 476
13 299
515 185
809 404
866 735
373 509
653 283
766 380
179 684
811 687
433 271
741 546
7 418
637 753
909 962
490 202
607 741
352 167
375 887
599 619
346 397
257 404
314 239
210 332
376 924
932 539
718 12
974 887
102 721
362 546
399 347
224 591
731 141
945 737
851 571
217 698
408 925
637 864
699 990
612 277
25 515
635 988
545 308
769 281
67 152
927 550
647 359
668 438
800 742
48 635
786 969
414 542
520 875
669 28
571 606
105 527
659 26
109 755
825 262
30 449
866 490
212 712
673 330
982 444
492 200
863 491
352 987
578 73
818 728
1000 851
490 569
142 166
499 781
958 260
407 6
779 557
739 577
386 799
403 935
923 44
48 651
70 983
236 491
862 51
899 199
169 294
936 251
689 559
726 514
89 767
883 721
207 139
85 447
467 54
269 852
753 561
662 981
921 349
795 308
409 113
267 383
217 879
624 290
127 881
359 825
693 882
513 404
396 296
25 653
335 789
755 491
180 970
262 674
788 649
515 435
780 789
140 692
860 235
275 679
43 451
669 39
413 205
54 193
663 953
413 126
949 860
823 695
997 96
800 548
263 476
983 461
824 426
220 543
389 6
123 204
596 887
237 37
94 607
441 847
160 161
844 251
829 649
811 386
706 244
839 304
30 685
406 533
62 155
49 808
921 99
114 762
995 95
502 125
200 820
956 850
117 346
407 42
924 496
981 129
106 717
870 134
198 245
899 146
972 452
576 805
64 201
908 860
583 226
731 791
456 611
322 286
330 132
631 758
718 750
899 432
519 907
633 918
466 345
582 41
654 426
692 537
487 431
110 862
886 339
147 857
158 688
840 423
123 805
510 103
176 991
429 387
547 171
171 596
536 989
552 281
384 187
556 321
404 182
651 223
471 110
989 493
519 476
949 278
820 432
746 226
675 162
694 66
822 55
453 688
276 223
940 198
832 489
985 987
165 255
911 455
896 36
800 576
194 851
677 774
915 881
966 601
503 76
694 799
570 793
184 84
400 882
332 116
782 818
541 104
959 169
214 112
604 520
19 130
132 163
861 530
881 102
61 884
298 326
562 955
857 205
112 728
330 887
937 165
166 209
350 114
278 511
807 401
114 625
443 685
316 149
403 991
922 821
830 922
524 545
766 532
583 198
269 954
168 19
832 42
654 818
836 738
235 237
633 946
207 67
668 854
16 118
474 990
954 484
330 410
847 403
371 330
888 352
220 319
999 116
179 595
309 512
903 370
675 403
418 920
456 91
611 709
462 81
641 432
715 867
789 232
576 882
279 794
29 675
106 278
215 152
471 114
453 515
203 752
275 735
37 964
385 355
579 365
565 642
369 273
769 389
864 773
138 252
159 582
885 889
172 979
176 406
160 779
53 112
570 842
953 66
21 530
685 523
748 641
341 821
712 439
338 989
320 624
564 275
905 702
65 833
740 508
777 78
295 35
835 448
765 543
948 225
4 89
446 754
611 502
614 907
248 752
688 893
853 29
191 666
291 540
878 576
607 2
459 722
446 556
748 212
255 420
257 525
938 652
356 825
213 337
516 353
476 294
166 558
512 232
541 722
836 710
72 619
418 619
715 707
96 752
596 70
139 287
394 897
269 640
185 650
295 640
442 212
982 815
463 382
909 870
197 966
681 721
728 843
948 921
921 19
760 37
318 605
358 784
249 544
55 294
883 161
738 740
975 753
210 333
29 647
410 699
693 416
159 260
200 203
402 635
177 884
638 996
887 870
219 86
664 201
829 785
519 202
829 97
905 931
419 790
42 455
902 865
579 244
854 430
177 856
44 330
792 331
223 149
460 201
122 984
708 551
89 145
750 222
493 911
994 660
647 580
40 562
204 853
937 452
156 912
394 781
326 320
813 850
523 856
304 814
66 901
106 726
625 178
528 605
413 888
606 170
383 23
41 210
888 587
374 382
143 985
93 158
774 865
135 921
629 109
922 15
300 879
741 642
131 671
499 505
961 732
853 998
712 710
841 38
555 880
28 69
646 585
854 812
999 269
68 241
585 41
16 860
881 834
189 899
158 902
344 803
767 535
146 248
707 248
360 493
413 125
215 49
487 812
733 564
78 379
927 628
953 9
717 96
683 400
959 39
337 860
537 54
195 330
889 608
769 751
453 910
246 651
443 637
982 255
711 959
289 258
868 242
778 710
748 600
824 120
790 797
441 552
388 481
227 91
322 381
73 595
948 217
260 826
436 501
365 405
678 81
406 372
333 812
763 347
231 481
982 699
677 135
145 510
933 109
848 571
856 86
984 11
749 757
164 189
40 99
779 968
191 944
875 163
527 554
343 905
150 722
26 45
463 231
418 659
725 240
420 485
349 393
316 310
600 377
893 716
70 365
73 479
40 272
888 436
179 743
515 257
917 413
738 586
975 395
897 961
594 141
559 569
419 786
147 399
333 72
225 583
765 69
927 842
35 341
686 551
217 681
105 138
942 371
987 100
219 414
220 589
993 715
261 157
124 17
87 159
234 689
842 944
740 251
613 115
725 521
856 984
673 166
436 4
48 516
987 577
316 961
699 996
393 344
69 759
136 619
472 255
644 263
900 169
80 116
467 452
48 866
507 967
308 284
517 416
703 437
221 61
782 60
549 799
142 159
661 653
277 700
888 933
64 167
528 534
545 936
710 290
839 202
387 343
808 294
257 544
682 259
429 802
302 208
710 189
503 721
550 266
787 580
348 662
420 59
356 238
352 337
724 489
860 593
72 624
288 669
418 580
680 911
257 962
19 799
577 281
622 798
961 634
448 851
909 250
268 198
325 499
40 381
996 888
98 687
652 92
339 171
379 854
567 787
262 383
118 581
376 164
741 669
153 476
339 393
489 20
626 719
59 774
243 37
244 266
500 700
360 263
430 675
57 289
59 210
348 504
332 981
67 565
444 971
413 180
806 310
253 437
146 529
842 754
972 645
828 929
685 872
597 650
838 199
695 435
627 489
824 167
650 16
618 684
447 218
823 623
298 118
9 249
372 827
726 350
798 827
129 731
397 578
312 38
333 688
961 335
178 627
621 285
35 966
911 105
806 369
627 692
151 188
63 748
890 462
428 795
503 369
90 343
302 419
160 456
52 846
776 2
840 981
655 266
71 179
489 863
844 369
406 316
889 360
796 204
620 392
782 907
567 691
677 95
681 20
157 166
425 854
709 718
197 506
398 515
425 743
521 90
763 609
31 871
577 741
870 930
687 360
174 149
615 128
510 381
314 127
576 443
650 926
851 115
385 965
600 305
782 996
624 407
257 200
666 164
428 119
563 724
965 168
71 789
391 914
90 997
471 160
727 339
452 275
385 334
519 39
669 470
967 339
625 911
213 252
793 490
63 200
251 888
414 23
191 854
989 758
96 523
59 625
190 197
798 900
432 525
17 625
270 349
38 777
243 637
175 692
838 864
569 585
790 903
113 89
441 674
498 917
136 144
134 399
797 197
88 681
967 789
180 249
661 630
386 584
989 508
998 985
360 989
398 163
104 827
795 861
54 228
969 578
964 65
736 947
471 808
203 406
593 514
575 694
463 872
523 859
895 853
731 924
311 420
5 549
279 74
602 611
38 754
494 981
444 250
818 907
838 462
549 9
454 455
115 637
770 973
247 660
231 51
895 24
330 320
780 418
747 17
827 153
865 78
885 131
993 618
551 917
926 607
235 466
201 326
168 409
41 685
885 308
745 385
68 242
773 427
607 731
441 288
314 30
30 178
927 192
626 535
755 969
978 152
822 793
768 64
93 611
980 813
730 696
180 665
76 282
461 336
228 173
712 274
694 902
418 389
38 986
82 534
33 58
768 179
473 435
340 471
613 943
179 345
16 389
911 48
517 169
541 51
543 965
293 474
259 710
923 381
673 340
855 580
435 9
402 194
558 665
5 359
83 635
485 879
142 128
805 448
493 660
685 571
748 494
62 507
726 834
872 478
916 798
886 4
35 474
322 517
115 882
525 163
433 903
395 962
235 3
553 170
594 514
426 980
154 103
338 264
652 185
54 871
457 895
455 796
386 293
650 598
997 637
631 356
289 534
417 473
443 301
707 552
637 695
283 836
487 540
794 376
903 46
63 989
154 987
599 767
306 686
608 18
812 100
537 668
745 159
638 978
601 794
380 348
31 999
557 312
500 639
105 137
243 745
76 318
497 215
99 615
426 221
484 43
976 131
746 874
866 653
878 488
583 606
731 491
735 419
113 912
963 812
658 676
591 828
192 592
229 603
412 429
804 895
252 684
330 738
576 758
132 60
743 794
815 345
964 785
624 706
92 808
57 539
788 303
977 666
454 974
636 889
371 163
790 536
592 511
386 850
114 623
408 774
705 48
526 6
433 469
143 626
883 877
822 792
143 995
737 752
865 315
3 84
541 190
14 628
963 360
183 839
794 152
26 14
785 299
490 51
879 959
511 893
443 107
35 325
31 160
564 243
343 754
880 966
480 468
626 511
327 229
499 33
112 794
834 254
695 127
608 79
497 512
519 337
977 382
975 287
723 366
180 563
822 102
826 109
21 461
171 336
335 749
896 147
639 782
930 717
77 102
993 613
759 590
355 668
462 736
85 619
391 732
472 608
806 517
905 904
422 306
759 767
394 467
603 19
752 887
180 448
665 628
349 537
854 384
530 586
677 649
989 947
189 511
318 728
773 119
795 963
851 959
48 944
273 989
657 232
528 853
2 632
786 21
491 281
274 449
377 466
51 17
397 5
308 608
147 546
814 413
463 772
856 96
710 271
197 360
222 181
577 474
460 762
856 403
468 221
605 492
787 611
790 262
938 541
486 969
987 852
435 573
952 657
628 674
918 442
991 528
316 264
871 510
121 859
269 702
932 66
201 216
310 298
666 50
225 194
619 510
568 848
662 46
422 771
46 323
533 819
291 440
331 939
408 252
137 514
104 587
747 483
15 545
346 392
970 590
475 36
59 805
978 181
742 218
580 129
817 241
121 732
225 654
391 691
837 655
533 390
593 155
77 10
314 460
189 688
815 876
617 45
765 509
930 146
18 440
916 481
223 497
450 15
180 420
824 411
937 551
995 505
308 947
773 617
303 414
316 539
189 259
337 528
377 547
955 920
26 736
722 645
173 783
528 802
526 307
967 165
878 256
32 563
235 875
161 524
787 816
424 458
915 142
378 913
587 111
1 832
537 822
627 862
576 988
829 38
387 288
523 939
305 714
748 58
606 168
917 963
672 750
984 416
253 613
491 176
738 211
921 433
248 347
875 86
396 453
469 649
952 685
404 968
128 588
634 275
126 175
435 646
185 735
330 464
810 838
949 741
885 307
889 816
659 816
515 436
992 39
479 699
387 969
487 584
961 512
54 85
606 518
827 471
42 613
297 980
808 798
361 169
141 859
789 927
155 831
851 586
674 465
660 172
953 158
882 332
5 846
890 835
797 277
485 345
551 778
309 171
972 861
755 151
294 305
498 212
816 817
564 439
363 734
68 415
80 252
834 707
775 467
725 740
63 461
672 919
803 922
5 68
373 570
962 105
551 505
159 989
248 844
674 516
804 939
201 634
218 440
568 919
259 342
387 173
619 604
526 184
235 855
821 964
201 715
936 370
868 417
100 523
302 331
681 194
580 976
274 555
615 718
376 317
528 714
487 91
434 933
806 198
880 253
933 333
151 256
245 421
852 115
534 195
259 257
746 968
660 221
488 565
801 932
197 211
550 601
845 679
917 298
667 991
872 859
961 702
874 137
858 786
217 164
720 799
202 522
901 870
24 294
558 423
328 124
36 437
912 565
24 341
989 490
722 231
724 617
803 378
552 570
267 171
437 38
505 932
470 144
440 483
105 281
55 959
545 497
393 124
947 517
416 203
289 179
716 382
420 643
646 145
138 904
324 979
699 761
635 231
386 663
873 574
378 132
919 409
422 211
541 135
299 548
728 434
255 687
806 53
936 330
188 372
69 535
964 929
182 862
18 983
862 236
679 398
293 223
903 794
459 727
209 832
487 153
895 876
400 155
93 290
113 516
368 239
633 853
631 806
446 902
417 952
325 223
805 197
202 106
918 300
114 846
978 763
151 439
376 513
205 906
796 575
836 636
35 215
440 869
816 448
500 105
671 834
656 25
272 274
182 309
558 80
909 986
774 472
219 432
290 221
160 904
92 209
366 944
681 916
867 929
483 756
559 991
105 74
729 231
340 807
516 994
759 984
794 716
199 540
953 194
357 100
910 970
151 889
846 716
552 534
890 776
228 151
340 312
968 806
474 51
645 549
665 714
24 254
280 360
635 564
232 97
945 526
786 590
555 283
846 954
815 681
375 102
692 292
476 991
422 301
60 32
545 14
484 814
722 479
255 621
271 200
865 809
350 819
58 635
595 510
824 50
143 258
436 312
627 551
518 714
65 82
563 463
268 721
505 343
832 508
78 924
545 985
361 820
883 987
442 671
276 965
244 615
139 725
670 819
710 268
628 909
866 6
763 498
362 149
933 436
573 141
848 660
814 137
340 272
268 21
253 561
642 262
718 526
482 609
874 303
70 280
823 378
637 540
880 895
987 629
823 235
58 291
920 442
314 905
883 537
413 343
85 970
124 544
828 425
806 922
659 163
120 199
529 555
931 235
805 654
419 479
573 674
942 781
651 24
78 243
81 61
544 819
10 115
111 105
464 82
372 635
215 927
181 27
20 159
224 562
955 819
997 217
835 242
31 135
958 204
807 925
817 700
303 409
228 74
755 472
43 820
811 486
890 625
427 405
711 381
713 972
290 903
222 346
657 961
678 985
313 591
460 426
174 336
639 636
485 841
325 996
18 908
666 544
292 926
32 784
514 168
549 981
145 23
319 408
627 801
41 70
904 142
447 142
24 783
840 721
782 788
452 671
698 723
827 957
701 988
336 880
278 119
373 187
446 809
505 371
782 647
309 931
292 183
719 232
991 631
335 243
12 54
140 963
378 594
309 980
36 188
738 306
23 918
872 864
245 738
666 134
137 940
319 444
675 428
418 991
186 99
243 110
262 212
618 46
642 145
305 375
457 524
153 267
590 59
429 542
258 982
870 283
667 340
659 638
150 440
680 425
849 28
844 37
768 6
609 636
460 10
208 51
967 981
164 774
756 628
668 406
834 906
872 105
561 154
350 888
995 357
565 187
915 420
735 367
368 407
351 86
777 395
907 824
716 136
972 226
114 758
298 497
729 51
904 945
100 322
670 760
714 776
435 297
827 763
316 124
889 294
88 195
786 380
36 867
461 217
640 225
156 516
710 231
453 70
951 715
847 207
560 764
945 310
451 821
680 37
510 24
883 606
619 40
12 218
305 32
254 29
510 107
899 338
421 922
371 227
558 53
172 272
101 438
759 630
254 108
20 684
993 780
353 685
803 31
567 46
932 377
393 679
394 72
323 930
888 576
824 765
732 30
219 245
419 407
462 765
658 787
76 425
774 174
208 241
155 794
63 189
447 82
397 889
215 982
682 537
669 269
251 802
489 673
590 305
938 318
208 31
209 362
178 763
632 394
716 383
510 912
369 108
761 866
796 295
544 712
483 228
543 554
198 521
380 356
475 600
994 744
934 880
801 899
270 53
255 729
189 187
501 377
374 249
217 708
677 326
610 939
826 860
522 629
106 666
584 774
731 937
218 524
862 237
844 328
437 814
544 116
585 584
672 296
909 21
92 767
404 675
369 650
500 340
587 616
434 838
272 117
473 660
813 714
55 139
330 390
224 141
603 907
106 225
328 187
919 681
427 689
429 483
624 509
559 617
266 192
174 457
223 872
884 182
152 231
832 537
154 573
211 580
431 895
552 648
975 654
464 216
214 468
289 899
367 190
10 47
727 174
416 266
309 113
557 427
246 733
255 782
224 91
85 331
18 372
327 258
55 819
170 75
778 266
816 585
1000 502
745 495
566 421
825 237
639 714
820 48
560 140
659 114
329 635
570 539
866 434
341 966
522 646
528 855
98 155
117 365
209 786
710 498
39 978
151 244
395 558
412 704
456 592
726 763
451 727
838 481
452 676
749 698
776 498
795 446
35 357
400 934
457 219
442 353
336 804
300 903
810 938
53 484
770 99
828 429
477 313
597 316
407 530
926 614
709 126
12 226
480 498
617 727
559 668
708 314
418 952
970 765
292 961
741 702
708 329
266 228
547 77
695 93
552 725
3 671
524 363
89 463
858 493
1 105
129 213
721 851
812 46
376 528
655 608
642 621
349 803
138 156
477 748
185 95
812 332
561 980
172 22
727 35
587 596
611 23
788 165
493 105
830 312
545 440
29 199
180 85
226 663
19 448
228 377
29 376
30 563
490 768
324 788
661 627
522 811
338 844
446 259
514 843
830 811
520 456
867 19
942 547
246 508
818 725
108 501
1 981
496 456
644 105
147 723
866 201
481 301
69 494
148 915
165 987
368 217
210 564
430 752
396 225
610 181
723 910
726 519
965 821
509 473
921 439
885 110
120 808
676 143
70 234
788 961
154 661
944 719
463 425
11 792
102 711
323 538
606 859
934 722
277 181
980 372
177 65
287 12
568 878
183 175
6 940
564 974
893 774
841 955
457 930
578 830
245 116
48 65
233 75
34 920
957 801
621 781
802 169
824 593
113 574
20 94
432 905
9 459
866 286
465 249
911 494
803 721
897 308
646 905
495 301
121 984
730 822
125 800
451 688
347 362
994 995
590 230
104 101
141 180
234 744
933 580
256 474
755 262
739 909
778 371
748 709
608 311
679 49
38 187
26 235
958 120
815 465
377 573
764 447
136 615
217 36
352 781
207 641
890 261
88 823
730 362
79 984
915 276
476 678
334 828
425 96
852 953
435 187
2 490
354 57
338 594
193 381
231 285
434 65
36 797
183 606
166 392
834 510
399 158
537 897
679 714
649 563
733 285
849 768
352 312
480 237
44 550
124 134
616 713
547 457
486 919
16 15
953 802
291 135
20 591
295 759
794 50
451 461
182 303
150 329
227 838
264 966
34 494
987 444
241 818
633 356
391 70
603 588
414 509
467 419
929 980
993 892
152 140
837 421
486 467
270 732
219 244
310 173
612 613
73 32
569 686
287 663
347 168
557 309
128 918
190 422
409 573
822 187
436 994
128 467
517 583
459 387
741 57
686 666
143 229
392 896
997 272
692 322
983 349
143 10
475 554
463 745
835 346
123 92
595 74
199 227
146 493
311 805
424 727
226 863
522 784
672 360
985 410
895 699
164 537
807 881
851 785
631 109
156 933
468 887
844 80
999 606
601 219
910 245
41 261
821 550
326 396
564 992
682 380
260 810
982 731
269 36
456 44
491 92
511 17
136 743
819 426
213 903
878 907
180 869
115 649
174 18
909 101
586 498
163 287
435 546
184 866
496 532
306 269
537 703
404 898
520 939
984 696
70 333
664 566
702 978
283 948
898 925
220 489
439 777
903 254
931 241
719 886
975 280
372 323
706 384
807 499
634 781
780 937
857 883
864 794
403 134
99 143
975 574
483 468
108 959
324 652
256 356
483 293
301 748
789 695
761 908
63 438
125 601
273 688
610 763
517 861
39 393
540 658
785 531
856 551
527 404
431 291
657 529
661 606
43 859
62 197
725 267
619 760
655 112
108 259
591 348
424 322
680 677
13 784
22 550
652 681
563 382
51 18
398 997
709 603
888 965
31 589
914 383
19 609
791 967
559 91
382 802
74 115
519 953
140 74
748 503
308 560
402 830
913 735
897 754
607 461
844 817
187 30
81 631
10 573
585 167
295 524
275 354
840 371
971 987
291 445
331 940
28 439
79 314
840 194
346 407
73 757
662 271
521 873
432 852
345 725
624 60
302 905
590 989
210 473
928 724
341 513
16 674
181 232
94 843
663 768
56 894
608 315
684 128
47 576
67 158
397 35
696 846
916 473
80 19
428 725
712 472
517 177
55 790
373 547
410 921
902 220
513 522
952 22
350 813
151 964
799 1000
657 967
738 226
627 517
243 780
190 773
528 948
69 604
363 307
165 73
243 957
307 408
414 906
184 589
409 424
81 640
302 157
805 885
89 336
566 962
329 193
940 473
619 800
397 567
970 90
553 929
748 475
162 530
515 10
878 818
2 75
165 653
884 811
701 843
961 550
874 257
788 945
387 556
177 64
514 65
595 22
48 243
234 130
455 130
551 707
989 274
91 420
578 369
681 978
777 531
963 248
301 897
961 533
312 422
275 282
411 152
318 348
874 350
488 39
590 845
328 688
863 992
683 262
27 464
6 489
281 542
195 416
273 606
111 252
702 433
351 301
9 164
85 401
623 145
842 1000
402 909
313 286
946 718
263 760
712 500
773 59
955 840
354 357
687 549
941 885
193 857
378 367
964 682
952 50
19 221
431 473
578 52
324 229
319 566
506 11
587 302
970 442
455 438
152 809
355 226
560 33
326 543
326 417
5 756
616 152
155 11
526 46
335 824
739 473
710 844
433 318
822 816
531 453
192 163
157 943
14 668
697 798
224 372
796 982
653 123
693 958
519 438
155 842
92 315
366 718
542 576
727 723
943 918
657 265
771 769
258 372
66 831
690 339
547 294
361 479
288 963
571 188
534 32
702 902
496 806
82 35
979 851
174 435
214 748
254 253
590 891
726 956
768 855
627 242
662 311
797 724
618 403
642 931
241 492
538 752
635 700
64 887
525 982
786 726
402 719
993 718
868 814
229 788
252 91
592 792
794 824
947 518
31 704
539 720
100 150
411 837
216 427
327 425
699 762
563 337
351 39
436 730
726 815
618 998
69 754
820 94
696 100
215 532
845 691
58 878
900 150
646 438
47 207
412 472
866 612
444 812
810 305
809 852
403 519
675 895
730 510
934 204
458 29
630 351
598 313
325 843
256 914
886 100
335 486
482 886
193 457
526 437
913 976
406 449
684 789
95 486
173 280
767 347
361 520
801 891
625 607
205 903
817 324
404 386
376 459
177 174
469 846
182 409
898 70
335 181
192 429
600 346
788 617
976 846
187 98
261 663
244 113
110 606
202 557
367 373
956 907
513 327
608 67
135 329
846 509
519 425
99 856
172 20
871 922
864 172
42 568
594 509
176 174
253 432
555 490
280 252
974 279
821 419
64 760
988 692
612 376
738 943
354 600
302 1000
983 499
52 279
436 118
132 367
207 949
958 215
426 76
377 922
492 637
273 695
909 66
826 429
831 209
61 688
797 252
928 373
359 943
621 280
125 713
143 414
200 736
386 609
377 756
682 63
539 474
942 517
136 515
981 719
373 785
178 801
163 657
595 719
938 743
390 842
601 423
270 292
420 245
974 692
896 890
142 414
808 150
148 606
575 972
562 413
28 513
126 292
992 834
221 16
26 110
233 418
412 791
992 817
314 805
885 170
623 544
452 879
223 936
187 142
595 125
723 48
67 692
432 119
50 954
760 43
334 66
561 14
716 878
236 864
475 56
521 872
884 148
225 529
667 678
120 313
324 451
146 991
865 991
112 941
557 380
560 32
360 6
807 244
780 684
640 487
750 390
27 600
310 551
159 778
920 791
910 374
198 708
952 424
903 266
807 986
259 576
687 553
299 323
122 994
658 666
207 687
498 993
504 670
449 227
677 395
435 48
218 416
570 573
75 105
207 604
202 750
708 707
592 300
509 177
19 527
961 874
675 900
107 198
839 137
397 182
538 404
956 939
792 956
945 446
446 861
127 653
516 323
954 203
94 304
601 349
44 467
905 861
727 718
484 635
178 265
760 22
515 154
213 35
19 971
129 25
870 210
305 138
159 51
326 544
789 328
708 350
921 64
794 510
267 82
567 199
860 115
92 229
354 988
451 207
964 49
488 778
718 192
537 66
466 826
764 902
82 753
381 291
508 321
24 443
998 434
30 480
358 989
967 577
547 950
627 420
366 56
835 211
618 737
472 971
824 288
539 759
649 411
8 365
353 510
359 870
159 826
613 827
854 63
468 750
320 225
18 205
701 456
481 621
888 800
175 86
532 533
899 778
752 164
60 278
369 593
668 85
146 975
999 901
729 161
450 578
365 597
882 577
445 349
710 331
658 814
918 260
477 44
259 137
714 233
861 838
885 766
884 665
921 401
260 741
580 754
463 30
530 786
816 987
965 952
767 108
700 59
850 360
606 201
121 348
748 335
109 911
948 825
629 252
405 2
544 891
67 767
941 663
767 834
859 991
883 321
332 713
993 769
166 933
193 525
524 207
638 245
879 757
239 138
572 262
819 810
793 599
347 61
873 85
395 355
492 677
755 89
2 515
629 560
869 42
906 125
90 248
381 455
925 200
849 125
388 911
975 981
941 549
181 13
836 269
488 403
752 832
399 9
755 375
21 519
996 75
835 207
592 936
185 262
686 890
782 373
325 758
506 621
61 796
777 91
562 803
890 436
946 943
425 49
354 249
193 61
57 542
65 507
191 623
657 799
565 446
198 185
829 967
90 73
347 933
630 348
13 204
696 306
330 80
331 489
148 583
444 200
227 680
815 43
288 548
611 782
151 435
465 968
161 45
328 448
823 606
3 232
336 827
232 892
999 28
17 575
876 361
537 701
130 253
11 802
225 119
158 663
453 345
573 440
645 859
831 692
337 304
527 657
84 731
803 175
714 382
755 870
573 553
187 210
430 570
180 905
287 855
951 236
2 709
577 863
264 912
688 123
357 96
765 99
197 759
327 584
294 403
292 771
870 294
543 324
546 232
233 803
326 868
508 99
570 226
60 948
976 213
464 505
686 692
574 603
159 732
237 236
872 21
925 53
268 792
450 87
700 891
705 683
227 187
318 198
467 648
125 712
547 271
679 251
373 766
782 192
920 438
380 506
401 155
458 348
354 157
248 648
299 516
653 621
907 837
116 17
472 80
403 546
558 730
423 671
807 859
374 75
122 16
875 434
877 352
753 850
793 915
645 362
444 125
708 583
287 465
286 367
83 276
131 906
353 46
562 410
265 880
912 245
537 744
777 423
442 364
975 186
743 174
552 43
914 686
440 773
331 832
281 91
562 252
376 87
967 238
225 431
400 563
400 839
756 186
871 638
600 422
656 392
922 327
581 962
214 533
345 682
316 773
358 333
223 841
116 831
638 924
766 209
289 819
256 36
591 270
410 821
489 276
141 899
490 247
589 217
423 766
853 225
704 721
766 99
671 503
216 727
432 948
87 236
553 824
290 334
220 563
168 910
426 158
155 628
674 168
843 547
76 210
521 299
850 553
445 771
561 602
591 46
929 990
12 918
566 277
225 748
521 180
594 48
99 384
806 815
691 580
981 418
234 917
181 682
476 814
611 3
296 476
365 427
200 876
166 129
304 724
738 701
355 200
284 212
986 938
147 724
131 187
688 74
999 608
196 851
105 930
1 859
827 723
75 854
881 932
65 348
693 732
643 165
679 547
379 409
555 423
961 794
125 245
879 796
292 44
777 117
495 551
188 141
886 476
796 972
447 30
892 869
117 448
525 411
799 332
123 785
396 337
70 376
720 921
681 677
22 511
541 977
658 655
516 753
258 257
10 430
432 20
231 668
609 436
77 374
333 204
429 799
979 806
983 886
824 741
231 151
736 49
220 322
295 272
854 513
176 152
929 446
234 418
343 4
368 880
900 259
612 723
480 622
778 141
941 687
543 399
233 874
841 619
185 15
794 947
524 804
385 567
81 319
389 14
7 979
420 660
829 528
96 668
316 581
544 672
617 302
68 594
90 438
755 440
959 770
86 170
416 898
768 471
532 304
899 623
769 793
333 963
562 911
412 502
930 631
588 127
659 281
649 197
852 964
291 588
114 581
924 456
84 157
965 756
696 279
700 359
166 399
957 112
286 832
431 646
25 713
848 705
283 286
726 550
808 111
649 641
689 988
798 972
249 933
868 78
850 361
558 206
192 323
602 786
144 486
93 925
79 222
799 342
211 334
638 363
785 611
92 91
525 353
346 474
404 190
171 733
962 736
158 997
340 776
609 321
872 653
779 107
158 116
768 984
72 501
418 193
57 391
422 697
814 611
584 400
381 756
15 314
692 454
275 425
792 125
25 777
313 207
901 438
946 865
764 248
623 183
522 888
21 631
722 548
373 616
346 816
368 344
223 234
80 364
635 250
302 543
618 996
433 668
53 439
777 64
406 713
337 307
32 126
105 856
36 606
60 324
278 503
544 25
787 879
79 223
957 35
316 173
162 775
14 348
928 927
636 597
89 654
936 113
666 262
95 480
681 451
593 664
44 517
562 70
626 490
880 877
638 308
135 17
163 126
374 203
810 795
687 435
376 171
328 805
197 835
241 723
495 162
187 213
104 597
871 775
951 239
114 51
8 795
742 48
497 907
370 155
647 7
871 559
674 419
492 650
720 429
848 370
751 508
357 247
512 441
531 647
20 128
261 250
246 552
543 724
285 228
496 127
648 568
693 8
53 233
950 617
368 757
275 163
152 726
118 385
156 230
765 678
125 711
398 95
900 229
648 790
649 35
759 392
317 405
247 212
692 71
341 31
969 990
270 21
808 604
381 814
809 805
959 939
504 755
985 100
624 740
143 702
247 797
833 40
502 189
32 777
621 201
434 181
435 244
81 208
386 816
537 223
74 495
287 685
701 66
919 15
870 635
586 220
360 253
594 633
983 147
283 710
451 616
197 116
291 243
480 168
541 859
926 987
323 546
965 127
936 139
774 671
870 820
719 49
760 190
409 958
770 953
546 585
589 613
20 864
775 912
409 364
615 209
28 967
718 234
387 864
377 32
34 247
697 946
366 192
93 536
437 65
559 113
700 471
428 291
751 215
169 661
920 123
336 386
871 670
967 607
643 957
570 135
233 769
462 625
781 791
949 97
237 207
219 332
475 742
355 924
800 767
643 859
271 186
365 43
366 380
911 74
513 527
596 712
647 956
834 69
454 882
790 760
921 895
79 611
9 841
387 196
5 669
557 992
445 454
379 269
530 108
531 317
770 543
701 245
437 477
141 94
680 784
2 292
828 248
706 732
637 872
16 392
182 549
511 187
370 829
633 897
10 762
282 71
734 129
277 320
775 577
923 498
301 58
624 347
883 502
861 681
266 930
304 241
105 854
604 292
348 234
974 850
364 758
49 131
509 25
550 785
664 992
37 674
385 129
745 283
980 598
819 976
625 929
115 47
6 194
617 977
716 995
661 110
609 661
404 505
826 584
46 946
730 643
582 672
737 457
994 780
265 469
280 310
998 432
200 729
860 433
309 181
76 352
647 365
669 213
86 969
75 344
627 343
424 592
32 373
180 53
551 102
665 935
596 893
613 825
464 736
941 882
378 362
677 476
931 933
273 782
346 716
437 563
367 694
647 928
464 639
655 437
127 506
401 98
160 39
227 464
986 911
326 420
202 158
221 658
117 289
299 988
406 539
514 589
274 658
972 509
282 185
445 347
174 907
513 290
620 463
412 516
487 192
398 595
735 814
719 437
421 722
302 600
135 612
853 319
235 248
806 199
213 3
735 703
666 338
387 367
871 431
432 324
628 736
130 23
813 370
137 785
944 751
672 606
841 121
783 890
37 612
3 428
396 709
901 864
279 664
600 415
582 339
713 128
200 45
951 138
770 329
358 340
811 639
423 365
957 789
944 92
393 682
548 236
729 942
190 781
586 993
879 356
220 295
167 872
996 384
865 697
674 412
513 26
567 459
77 123
959 365
135 351
195 496
751 15
458 866
258 806
208 133
356 5
873 885
637 244
967 551
255 785
369 406
998 559
158 422
579 600
223 324
265 444
703 481
664 342
276 548
632 714
618 997
730 219
288 122
392 698
130 917
22 687
460 408
687 683
640 638
940 40
22 542
80 395
43 529
541 306
834 316
587 338
875 456
88 902
523 874
458 24
701 204
687 905
448 30
197 381
105 225
880 49
117 286
666 660
778 806
361 636
805 207
754 681
641 77
277 422
629 595
691 232
623 725
762 575
182 493
154 66
267 289
50 179
272 249
68 275
278 196
894 131
417 525
864 466
257 228
665 231
645 857
206 129
504 481
201 263
42 773
477 498
987 269
988 994
770 301
989 343
148 233
934 926
104 741
486 499
586 517
608 53
629 609
319 209
163 957
101 853
372 621
988 916
281 532
287 516
534 527
612 379
998 443
879 207
985 728
967 920
894 904
754 39
376 337
313 347
764 396
359 936
53 942
481 92
556 640
578 456
677 781
216 313
269 273
217 96
894 874
18 19
312 780
938 960
960 648
249 439
558 728
460 531
887 404
672 107
749 403
752 185
637 980
931 631
960 453
390 984
724 82
728 33
505 488
149 655
156 585
714 47
868 69
628 681
390 762
568 1000
629 1
421 972
20 601
385 11
793 950
166 912
728 669
340 611
418 949
59 973
337 163
335 936
236 561
91 348
77 289
833 899
64 916
581 849
450 501
513 209
402 624
958 517
85 679
121 854
360 506
841 589
169 660
901 747
48 279
391 569
807 241
190 205
128 270
534 922
543 600
716 444
312 970
900 719
356 307
801 154
87 445
757 713
811 289
613 661
429 670
996 726
821 888
95 103
320 371
503 450
683 72
182 873
199 965
237 274
256 831
577 157
540 7
123 727
765 796
257 759
222 728
782 879
966 248
415 642
115 724
282 213
728 61
948 514
165 824
80 768
62 688
582 59
16 24
434 779
1 404
553 199
154 186
905 834
819 644
112 512
221 226
56 742
185 593
823 265
608 927
954 135
447 326
939 503
950 123
989 415
441 153
3 766
188 674
552 581
777 608
362 786
119 511
308 705
983 86
110 230
275 399
613 245
261 160
211 865
218 79
825 989
458 734
384 789
424 962
960 820
744 139
873 809
748 691
602 256
938 215
834 900
356 320
692 282
950 598
612 17
761 825
136 180
445 150
17 375
329 677
611 347
494 445
230 871
543 850
359 577
342 881
606 450
146 164
75 22
434 235
1 820
221 657
39 512
725 33
49 512
851 397
675 980
30 861
472 441
715 471
718 986
536 706
616 528
144 171
398 592
719 436
683 642
625 439
93 249
274 949
918 394
645 578
945 296
563 969
975 585
5 919
173 210
1 353
934 755
706 882
803 180
842 402
970 687
607 662
224 965
975 402
409 885
582 336
125 411
161 885
347 510
940 922
293 832
439 966
298 726
940 41
431 982
414 128
91 53
556 309
111 62
457 675
872 286
559 806
466 563
601 476
15 260
76 310
632 382
741 36
797 498
237 773
446 232
321 298
801 96
622 136
218 210
848 69
113 892
886 238
470 484
293 277
539 581
226 856
173 831
912 689
910 476
658 333
958 866
15 248
643 547
661 694
190 886
855 608
39 599
44 963
960 732
519 195
835 524
322 457
507 591
537 838
321 775
930 259
987 930
144 888
308 571
826 952
62 622
339 999
453 918
917 516
582 952
101 755
839 995
879 854
934 573
562 68
268 255
219 619
668 452
286 495
569 785
852 442
552 449
257 251
342 382
591 703
101 468
192 464
232 541
789 141
993 802
336 129
986 927
120 178
653 462
750 946
945 131
206 928
64 905
690 597
260 448
970 781
569 604
893 717
256 91
115 486
116 853
621 976
822 233
399 328
789 976
150 682
10 41
893 156
162 252
763 425
314 419
556 867
280 414
48 586
644 462
66 98
416 93
470 256
293 265
459 17
991 987
708 580
21 875
730 303
288 246
386 671
98 149
722 955
905 361
134 853
339 677
321 882
230 59
51 25
913 150
503 379
973 842
922 748
705 20
120 564
706 327
411 353
527 855
945 406
608 584
828 237
80 805
196 687
897 580
933 270
607 443
666 395
97 342
712 581
50 852
782 605
624 305
310 290
883 540
847 121
210 910
106 207
475 286
883 397
545 848
473 202
413 988
603 698
591 245
97 369
405 168
542 939
594 80
410 542
430 597
489 511
770 270
185 790
149 117
977 338
405 793
814 703
163 863
915 612
955 359
993 552
391 683
510 609
919 933
372 578
321 496
319 69
752 828
207 996
133 897
673 244
637 187
86 931
983 403
878 191
76 205
470 445
218 138
381 750
274 232
755 417
706 231
449 118
801 153
144 998
911 84
159 979
165 274
355 124
964 706
342 874
255 671
91 598
916 557
956 722
688 644
229 748
577 156
191 672
729 73
416 694
914 205
761 435
292 329
220 736
896 939
895 813
874 754
634 57
728 62
835 994
643 55
650 857
227 626
608 707
571 457
793 887
499 338
614 735
123 786
841 67
269 730
130 160
386 342
767 170
988 133
625 837
475 378
611 694
580 463
709 237
399 637
718 341
722 104
405 204
964 61
724 96
306 643
664 785
208 37
708 58
637 396
56 961
555 409
37 898
955 387
114 59
560 113
673 950
447 39
485 240
512 500
110 231
848 316
370 48
704 816
246 999
266 375
911 357
234 579
660 27
772 573
522 4
32 280
670 122
543 264
156 185
428 694
910 342
882 953
722 718
299 675
48 993
568 152
787 118
296 443
117 525
583 402
764 292
1 922
535 605
544 496
763 228
636 878
505 212
195 880
607 63
584 53
683 999
577 120
136 354
505 69
128 290
961 672
212 68
340 113
303 879
70 46
993 482
810 625
400 955
999 241
376 325
598 496
66 641
782 763
145 278
623 935
476 224
331 559
336 851
633 931
830 711
301 395
504 233
48 341
714 100
593 437
58 640
979 120
861 100
59 22
438 803
728 679
927 393
987 434
34 660
222 689
850 134
250 806
712 635
626 673
914 919
552 854
404 185
250 905
955 318
479 532
461 9
210 267
141 887
721 925
824 482
418 335
937 837
60 940
186 723
561 901
48 984
803 576
860 407
533 311
955 653
762 599
962 163
856 930
32 292
546 275
323 487
234 822
347 509
169 909
905 1
209 508
697 445
194 72
178 581
251 25
181 894
790 836
26 689
658 330
610 563
240 244
972 317
5 322
192 887
377 317
675 866
45 111
914 130
143 724
790 529
562 656
448 16
182 705
386 986
9 609
145 353
992 972
810 597
335 402
597 875
856 171
857 662
966 80
842 66
481 186
500 194
850 519
396 692
22 459
650 992
462 130
465 750
727 754
641 739
325 394
879 567
770 9
898 242
37 518
300 184
504 483
819 620
694 360
457 915
521 998
927 242
91 370
129 81
546 258
331 146
883 127
170 308
580 37
162 138
932 634
685 862
47 709
87 196
15 283
630 982
102 515
151 728
298 124
999 638
599 335
677 513
330 700
826 537
961 502
490 934
986 803
246 121
368 470
394 796
86 632
625 50
199 995
751 598
203 665
795 248
801 591
251 496
470 795
355 398
321 738
785 83
624 965
771 384
758 16
117 392
545 563
680 966
109 532
114 874
909 131
605 276
878 792
25 256
141 57
563 768
68 482
909 788
698 537
770 122
20 525
6 552
637 280
72 884
435 802
441 417
547 229
175 684
181 431
383 521
422 907
828 650
428 248
943 683
603 650
159 376
896 298
639 366
814 700
693 437
346 256
258 970
449 682
815 902
86 710
396 892
636 272
730 861
693 343
418 375
761 961
759 730
67 234
364 578
340 468
481 890
703 51
834 958
947 581
341 222
217 928
221 888
517 187
920 925
207 773
616 122
861 886
252 382
643 749
381 862
554 37
38 225
293 532
625 77
436 484
575 299
315 158
800 493
74 300
38 992
632 994
282 817
174 771
697 554
790 473
353 364
355 426
503 738
966 254
632 497
606 145
173 458
176 626
400 106
560 712
79 928
233 496
433 246
643 71
883 586
495 912
361 340
568 902
295 705
366 679
258 362
41 522
615 16
270 937
89 790
550 901
220 56
595 28
353 665
889 230
429 292
675 84
180 990
396 691
366 897
336 692
889 936
842 606
861 338
419 483
703 659
746 242
167 982
464 167
707 229
929 291
402 741
720 916
96 434
468 513
746 434
82 637
18 405
597 350
772 574
350 582
167 52
117 889
498 205
355 812
851 691
267 610
713 694
912 891
165 467
480 831
910 343
720 3
967 866
859 381
826 501
274 205
972 52
419 908
683 171
959 782
172 684
490 879
108 306
750 129
843 801
169 178
347 815
218 560
630 373
189 113
992 88
265 577
395 542
213 891
839 219
681 201
424 62
541 589
417 939
754 640
978 524
666 844
48 224
476 225
848 871
206 398
957 366
568 563
468 851
258 479
991 595
689 801
836 912
728 825
15 996
451 434
452 66
999 469
32 977
328 22
92 87
178 930
112 701
42 812
533 882
935 514
665 42
201 765
525 750
340 788
806 821
435 443
883 98
993 998
703 695
299 181
689 493
983 135
833 762
650 400
229 141
450 170
440 492
829 878
402 375
929 184
713 705
454 765
369 395
651 663
484 940
512 255
397 595
470 395
330 566
368 717
801 416
459 230
744 120
981 885
393 244
506 343
17 704
570 924
555 64
837 162
411 207
288 125
308 368
290 967
443 510
174 601
670 546
936 739
604 22
930 663
914 112
623 518
238 608
403 525
558 707
840 932
729 163
550 39
672 433
781 369
515 756
162 771
610 192
421 354
939 749
615 660
984 498
288 569
363 31
880 131
112 285
45 638
540 367
390 898
248 301
600 2
588 547
97 793
3 239
907 505
598 652
782 583
948 875
71 516
148 860
297 607
816 505
192 419
908 41
505 668
569 791
279 989
206 132
317 757
799 145
643 185
951 122
20 840
612 802
520 688
81 814
758 608
909 546
973 120
237 675
220 407
168 746
996 464
135 414
485 85
713 306
492 887
328 784
225 632
941 354
910 979
930 21
72 277
733 960
864 785
621 607
363 883
234 521
898 678
3 982
820 875
489 605
695 565
299 460
893 508
859 308
200 663
854 9
378 318
604 736
933 918
368 376
459 19
904 228
942 924
691 668
29 285
980 970
698 346
610 980
296 372
497 309
35 721
36 638
881 143
648 120
264 353
216 90
189 597
788 133
767 720
503 537
942 507
738 82
614 737
670 843
359 510
107 97
804 345
274 616
25 727
409 247
503 831
850 410
387 680
616 776
637 930
709 469
839 598
236 553
516 395
102 134
50 805
624 386
704 362
478 645
528 184
305 241
110 636
349 744
66 120
7 38
629 977
557 84
851 459
48 44
894 495
309 443
129 813
361 335
538 643
113 81
907 506
266 462
416 447
388 957
464 75
201 872
618 356
820 984
859 114
971 540
501 709
836 322
401 463
845 396
955 692
378 343
176 92
385 775
411 771
503 185
485 670
514 976
604 708
350 788
242 389
26 758
13 988
336 592
327 252
786 111
184 485
443 624
473 905
311 441
534 35
792 787
126 791
460 784
920 541
546 933
84 100
305 849
572 241
130 412
61 372
724 52
141 316
948 700
537 719
331 658
138 742
315 286
309 987
693 706
383 718
667 549
796 751
827 3
773 997
477 390
723 466
45 66
49 135
590 870
718 347
560 789
997 800
229 438
581 929
394 93
361 6
567 114
825 663
897 98
590 913
940 64
478 899
530 964
488 159
388 354
495 452
688 56
63 128
907 486
746 258
655 588
802 16
791 746
370 46
885 609
20 324
243 437
372 727
752 681
402 900
49 961
320 517
601 948
552 685
603 194
18 180
338 921
268 940
490 876
133 278
597 273
725 460
945 815
449 193
240 202
425 104
942 583
730 437
657 821
584 787
288 304
342 999
790 523
916 946
958 301
562 746
409 397
304 597
53 786
330 137
4 458
5 927
135 608
201 956
827 520
460 907
908 183
13 277
970 968
720 893
558 211
724 191
407 765
49 449
747 246
305 95
314 999
280 811
779 877
82 139
889 873
136 783
841 401
528 113
965 196
567 176
625 871
646 545
576 365
978 368
16 948
366 930
591 175
599 752
180 546
641 464
510 477
186 511
814 757
284 512
212 105
507 329
16 594
751 154
777 897
940 187
342 357
489 727
77 968
356 1
46 829
34 797
327 640
453 965
169 795
133 967
426 83
394 437
851 729
622 143
473 404
270 388
497 46
740 126
977 868
617 269
766 638
924 932
87 614
90 262
623 400
511 682
871 367
576 705
636 797
708 754
748 967
40 926
406 701
189 35
230 913
196 769
291 623
862 218
386 809
723 624
287 507
182 711
878 544
457 452
689 529
62 621
303 781
974 722
593 865
483 308
305 921
897 637
219 349
455 983
98 304
61 444
141 324
39 462
537 647
390 685
466 63
448 990
837 92
896 546
861 70
935 836
862 673
477 349
6 989
102 106
694 366
417 498
895 315
71 805
384 229
461 969
978 53
564 910
620 514
414 449
492 993
625 924
720 644
985 262
663 534
597 459
206 935
964 119
90 900
238 372
497 910
22 472
693 448
30 74
508 10
915 954
985 361
827 145
610 259
507 450
107 780
271 911
777 782
247 284
48 766
690 773
949 8
170 161
668 416
66 462
186 983
156 217
852 692
834 971
17 675
181 848
75 501
522 828
599 318
881 61
901 216
865 534
482 64
304 928
854 232
911 787
843 121
146 235
899 827
882 673
339 678
835 749
602 736
145 33
135 650
672 478
620 19
396 69
718 640
791 76
838 621
260 532
376 383
88 307
876 308
199 545
723 500
25 262
779 669
563 770
379 913
585 222
618 226
650 898
595 228
568 859
715 988
656 459
774 547
442 72
98 566
85 976
371 10
685 13
408 199
137 527
551 676
310 242
903 107
327 917
720 511
148 120
502 121
907 509
674 448
16 666
555 463
407 640
488 66
38 938
705 623
243 472
97 112
393 81
33 42
532 196
456 170
756 538
686 837
554 303
57 781
590 481
854 994
811 404
82 840
321 128
368 18
565 173
622 54
683 222
995 192
339 612
47 799
322 362
15 596
622 929
313 597
155 438
30 986
606 373
53 539
446 841
729 78
178 252
674 729
386 785
579 716
250 218
602 631
396 154
718 968
334 634
335 423
102 502
238 662
326 238
952 713
535 510
689 938
102 321
177 158
932 26
463 432
46 392
372 566
869 848
55 202
737 23
75 648
131 650
192 492
291 496
954 272
442 108
318 357
289 759
70 63
774 414
423 324
907 59
871 842
820 744
881 974
771 600
309 414
664 131
439 623
150 742
983 82
789 181
826 155
403 198
997 146
856 858
360 105
916 392
811 210
61 559
513 844
787 413
882 37
935 45
313 294
332 70
760 633
579 223
599 128
674 825
750 20
133 132
708 804
138 618
13 622
895 654
729 345
976 320
763 8
85 108
711 232
39 111
18 87
476 703
464 808
106 684
408 822
226 5
245 231
247 953
729 170
456 514
865 442
517 337
539 185
667 108
781 220
64 118
726 568
663 113
991 716
556 845
465 630
746 641
709 283
158 531
106 864
287 181
883 552
172 379
136 929
633 838
533 926
847 884
76 799
803 985
672 962
239 601
525 667
71 977
166 737
399 451
440 656
673 998
270 596
932 577
708 168
195 503
864 998
522 84
959 505
693 141
659 277
309 148
891 151
557 462
480 878
320 755
228 452
873 777
760 378
472 942
863 738
80 211
902 794
227 132
462 989
513 409
141 504
310 657
208 823
873 555
217 15
659 96
847 783
973 576
373 660
356 582
639 681
749 25
397 275
292 577
520 393
403 527
796 78
377 450
503 390
940 824
624 845
554 168
972 399
776 226
425 980
765 215
533 938
235 957
108 69
383 77
369 567
541 559
890 115
601 508
140 200
975 396
568 755
241 734
403 858
408 560
157 907
598 531
322 790
953 980
18 639
961 629
194 265
184 986
483 946
852 265
267 437
949 689
732 807
220 115
95 124
271 533
137 897
953 551
704 447
443 325
211 737
283 828
573 659
833 954
741 273
483 737
928 850
788 454
651 704
441 213
735 193
466 896
985 912
324 358
181 155
314 213
501 894
11 372
530 668
552 912
807 200
976 853
132 448
246 546
85 480
895 992
363 770
595 643
264 807
262 726
564 370
15 58
843 653
597 502
449 110
506 361
416 81
824 78
743 829
874 956
854 126
69 734
286 978
345 94
424 331
28 85
615 379
458 214
43 624
502 250
911 643
938 751
614 788
245 223
227 380
601 431
801 573
64 15
728 38
793 557
602 515
35 414
219 248
240 832
60 59
429 138
377 169
873 403
662 984
59 373
278 977
616 778
965 121
241 919
628 293
345 913
841 443
325 363
111 702
362 533
261 755
524 63
608 904
789 173
732 303
577 899
44 27
853 822
286 233
294 438
362 883
971 931
236 856
898 503
641 227
902 279
903 106
82 370
431 805
55 677
389 369
397 924
696 633
586 693
626 966
203 539
169 671
795 227
902 49
998 398
618 354
