1000 9884
485 297
204 391
102 546
882 62
938 252
702 365
450 805
330 735
908 762
13 986
946 13
770 759
218 967
436 487
882 200
939 504
815 293
440 75
857 23
878 767
803 630
706 308
744 767
800 177
985 251
36 739
238 649
758 448
448 91
954 758
587 232
952 603
348 700
518 862
616 584
67 860
47 338
178 479
396 106
74 156
311 345
573 166
49 330
639 165
362 147
598 647
396 328
608 694
809 481
349 296
775 716
407 584
954 273
501 393
42 402
23 536
637 678
853 857
785 521
297 637
614 94
869 303
105 126
909 616
771 603
152 41
595 895
462 266
322 162
626 923
682 665
827 336
868 684
116 905
798 51
858 326
72 827
937 877
366 81
993 697
498 121
501 822
104 960
850 285
786 634
56 803
402 883
204 427
557 489
831 30
264 784
714 653
693 217
252 348
164 777
644 499
28 386
91 1000
19 119
622 979
270 36
934 511
829 267
702 107
248 856
970 419
91 694
240 204
717 598
759 255
748 876
53 638
628 810
990 945
57 635
41 30
259 467
743 555
389 604
891 796
14 331
326 41
878 522
888 518
799 634
991 702
443 892
444 507
583 352
885 272
311 189
97 241
758 206
653 114
488 658
680 16
534 223
292 222
791 228
491 352
941 183
546 681
728 828
801 944
399 703
435 750
187 81
996 729
577 553
118 587
936 200
824 938
970 680
183 133
331 926
280 860
637 330
396 594
309 735
510 368
979 715
33 661
42 589
495 117
323 60
731 171
567 449
879 467
378 50
516 897
67 35
217 594
287 558
8 723
82 604
176 409
195 391
750 471
256 257
902 136
565 425
412 156
267 643
878 123
806 500
735 406
519 507
445 836
104 218
485 579
768 283
878 490
700 990
901 81
99 449
428 805
688 791
455 508
683 793
151 775
632 831
445 38
467 466
723 645
49 982
250 49
964 917
36 724
109 778
683 967
155 238
126 599
588 888
368 889
655 344
542 854
106 931
21 263
594 652
153 882
634 125
467 14
143 871
791 155
560 659
575 800
232 868
582 4
811 796
64 369
980 327
601 395
783 932
219 927
510 178
228 583
245 687
709 16
555 694
718 358
813 114
120 183
138 314
968 485
977 361
121 723
707 162
641 50
220 257
67 398
158 91
993 338
343 197
570 123
534 662
556 58
284 661
147 151
722 481
617 205
66 349
393 59
780 715
988 572
972 921
170 965
617 350
618 545
967 918
130 849
973 257
318 206
484 722
322 149
327 388
865 805
347 586
57 60
118 267
798 711
838 528
485 712
369 871
904 118
541 383
613 95
522 540
389 515
908 565
789 670
50 269
326 486
992 654
809 968
494 856
597 41
171 885
861 176
468 115
930 920
208 412
147 8
581 485
452 687
571 563
678 373
683 705
852 72
840 560
21 241
988 408
809 379
991 519
975 130
170 807
892 921
155 533
841 170
970 782
554 431
262 442
923 412
118 512
984 670
234 5
944 316
600 430
20 460
239 357
775 905
128 561
465 488
607 890
813 231
449 924
581 859
765 174
2 117
968 144
864 833
239 59
702 673
461 205
523 94
318 686
548 507
879 11
463 650
778 96
63 254
565 792
952 339
589 162
828 331
797 437
820 842
103 894
489 574
939 76
427 368
431 344
541 938
658 685
367 554
406 942
85 229
892 219
226 856
697 483
630 579
702 76
134 520
504 679
639 659
30 585
291 715
697 332
386 717
583 968
674 612
308 730
934 178
517 490
773 880
353 503
868 434
446 616
92 916
862 144
166 411
903 854
871 217
766 972
362 510
499 116
993 304
809 719
979 261
191 909
933 348
806 920
889 112
235 162
970 762
680 53
499 91
258 503
991 635
44 452
325 586
88 384
988 275
810 843
706 872
499 502
405 102
978 104
29 602
489 17
586 869
3 599
632 27
336 680
322 579
546 471
904 31
54 38
475 31
920 128
59 860
650 361
175 930
751 500
840 925
146 587
474 76
428 397
712 256
608 465
673 171
26 447
130 870
332 64
61 670
564 299
892 136
13 381
694 690
592 84
891 64
640 762
238 985
791 605
973 602
886 965
19 475
688 726
570 742
184 277
386 721
528 906
435 132
171 346
465 825
155 5
47 19
112 940
515 805
808 313
487 973
576 821
597 993
362 466
714 143
697 955
573 88
136 581
980 78
598 501
240 649
323 594
117 458
917 716
534 643
819 742
147 639
328 139
221 192
573 427
520 521
685 177
79 166
561 355
980 403
49 87
698 844
901 873
225 374
735 987
484 389
395 444
955 196
722 73
832 521
47 414
237 588
405 860
929 338
180 732
642 953
348 410
462 662
923 896
485 287
17 777
968 823
676 584
385 561
833 623
116 541
320 838
102 536
317 414
66 489
484 936
105 405
199 203
329 873
593 504
671 649
355 989
997 406
428 663
15 81
554 485
924 151
156 614
824 35
592 207
991 217
403 672
80 499
890 300
212 272
962 382
694 884
520 395
166 630
939 451
715 721
156 579
640 996
516 95
701 197
130 73
439 297
829 97
939 737
852 198
781 254
588 712
572 197
350 303
64 84
306 177
932 205
537 539
790 231
884 710
685 499
406 801
983 754
69 94
951 336
440 882
515 76
511 711
603 903
949 703
568 834
755 704
917 337
447 993
101 478
463 283
410 405
784 234
223 975
478 828
64 528
136 948
560 208
651 235
512 659
766 162
345 710
225 636
65 711
907 466
397 768
16 689
39 207
122 952
557 270
856 869
284 662
15 358
508 116
185 757
721 13
190 216
470 664
161 54
73 770
57 133
76 167
150 910
358 877
610 654
293 674
864 738
425 378
777 237
854 13
772 875
307 890
588 217
938 76
422 153
99 508
342 832
858 788
266 732
812 928
373 886
838 672
606 412
208 563
765 881
783 342
19 509
689 673
13 231
605 589
879 988
273 378
438 604
828 236
595 47
274 436
151 494
118 871
526 270
286 531
641 544
199 546
918 436
814 5
837 172
35 254
440 782
827 138
776 732
93 843
641 706
14 892
382 410
386 511
45 90
305 245
775 901
271 552
511 769
245 563
937 186
339 434
124 676
219 152
519 391
703 634
414 179
197 577
632 222
161 240
200 330
113 671
111 124
759 544
778 97
488 69
414 877
697 151
536 19
55 581
369 454
189 56
963 153
234 760
829 515
313 702
560 312
48 620
27 422
337 514
925 385
916 580
796 402
636 209
217 69
164 580
826 681
795 810
818 713
286 947
514 718
645 292
919 325
278 439
460 558
687 985
669 702
545 926
212 447
658 177
986 546
373 108
636 550
772 182
70 915
1 707
183 767
95 403
944 925
981 478
819 495
359 30
328 434
226 305
574 632
943 790
582 50
430 191
110 851
637 578
487 267
469 780
36 161
457 844
918 195
405 500
686 95
101 389
282 353
391 193
656 94
486 193
605 21
805 627
534 19
940 798
580 309
284 794
509 17
475 225
168 535
614 92
747 445
750 620
401 867
73 670
100 683
898 473
186 487
903 72
998 334
506 888
582 521
346 225
885 866
681 872
479 591
744 468
559 779
654 412
768 100
402 734
829 837
756 347
850 736
601 670
176 511
985 639
821 481
199 673
648 617
596 935
613 79
392 295
88 630
566 351
15 463
994 614
426 10
891 210
553 573
915 66
480 903
430 540
995 144
68 681
389 791
428 835
503 153
398 31
165 304
403 647
339 517
428 978
696 194
861 664
570 743
408 906
61 976
726 994
340 153
239 917
26 488
942 698
654 238
776 436
458 127
791 915
44 756
378 737
355 461
563 972
438 516
562 456
782 765
199 597
455 388
282 419
874 473
656 156
322 928
72 979
50 437
854 408
563 895
505 651
378 449
366 580
844 876
957 587
233 578
638 144
948 946
515 369
125 596
478 833
512 537
530 858
789 227
385 229
616 56
478 976
873 434
675 196
935 654
414 626
283 565
727 296
285 501
15 668
349 974
246 938
637 27
251 832
358 612
234 542
676 585
971 587
73 916
475 792
470 495
918 666
264 703
266 277
341 959
582 791
155 567
617 352
726 322
138 811
911 244
271 85
94 552
534 837
815 520
431 275
70 561
345 214
77 695
247 203
527 53
89 217
713 951
808 617
795 869
759 44
924 7
429 735
928 66
425 129
201 512
403 528
869 909
800 140
430 315
92 942
454 205
148 1000
679 444
803 773
409 508
544 129
925 540
306 76
532 674
778 814
619 852
175 338
785 250
74 67
149 627
961 985
840 534
444 988
520 968
118 332
926 996
658 554
788 909
240 517
885 219
966 372
126 17
366 608
148 403
738 399
408 320
652 35
839 655
680 300
681 629
96 51
131 596
650 716
176 123
620 638
324 67
641 391
492 989
243 53
685 950
396 967
110 327
402 516
10 836
258 992
890 939
484 152
234 483
960 707
328 868
366 156
424 867
208 202
376 624
289 15
586 751
988 655
884 456
764 166
926 237
379 128
143 205
848 393
302 870
824 226
381 707
19 64
682 768
939 243
68 426
190 59
63 267
958 594
964 582
768 505
458 499
208 530
333 561
762 677
100 780
998 813
65 810
568 86
242 805
51 241
786 4
271 508
330 920
312 643
174 745
550 68
753 840
809 974
886 44
580 911
278 256
982 755
456 605
398 608
226 187
210 724
835 783
322 710
442 387
294 608
979 216
504 184
585 881
13 456
417 711
109 671
19 843
404 571
748 206
512 820
838 252
549 907
770 116
641 186
614 343
248 44
266 951
653 265
168 429
244 88
979 935
357 839
894 54
382 490
367 402
836 139
943 689
379 608
567 101
591 355
258 597
850 987
107 974
836 697
718 98
423 386
873 27
58 956
498 80
581 635
234 598
623 16
494 220
997 203
146 159
158 343
803 542
898 822
960 863
501 625
686 841
467 705
764 57
531 904
366 261
562 782
194 394
503 180
546 79
790 774
406 23
230 883
85 84
801 259
549 741
566 525
345 310
494 536
467 396
982 317
492 73
420 830
416 717
199 850
420 141
847 742
739 425
300 683
821 659
369 764
338 389
671 581
639 209
438 936
339 21
921 399
567 901
325 42
571 462
454 326
741 914
638 520
600 366
654 591
657 281
141 392
845 692
974 808
206 342
398 475
486 599
638 373
36 305
519 708
316 317
137 990
465 441
48 239
249 610
943 720
974 202
561 39
391 998
584 128
470 933
113 600
121 649
195 142
909 758
399 280
436 943
100 305
233 848
161 147
508 78
497 219
896 598
806 636
229 19
130 641
246 617
172 900
946 883
602 241
824 299
454 538
420 670
865 793
523 427
946 706
618 615
782 356
858 22
877 986
768 306
535 884
590 449
569 155
373 523
542 356
450 772
895 650
696 84
118 369
838 606
929 722
600 30
938 32
995 113
463 943
842 356
123 282
491 478
593 606
744 734
599 601
717 693
95 353
278 195
316 114
28 446
503 732
258 183
866 960
539 42
524 702
269 789
18 983
24 1000
181 416
740 840
232 779
274 828
420 879
41 991
119 998
672 599
141 428
179 585
127 775
883 477
809 450
918 236
903 376
328 113
107 731
658 745
474 746
148 367
597 222
48 139
497 532
774 382
372 380
730 586
682 745
703 701
6 167
100 326
375 988
565 700
731 172
45 204
915 933
572 564
955 420
314 292
29 975
159 604
474 46
475 795
78 420
194 161
877 668
398 303
521 280
170 182
707 485
43 464
584 376
967 943
111 405
21 637
816 603
601 923
536 591
584 711
472 801
253 452
425 173
579 844
483 99
502 909
412 445
289 430
551 402
57 297
826 767
424 339
646 418
195 964
658 69
310 862
74 287
338 664
725 92
247 1000
913 162
566 868
6 146
611 93
743 584
692 826
487 142
326 8
739 481
779 918
304 630
340 412
123 516
217 463
499 757
45 705
317 956
784 959
970 902
365 848
961 585
578 979
895 843
478 512
487 310
177 43
620 857
938 501
804 144
708 308
836 769
563 715
276 312
171 674
997 786
430 577
215 309
389 705
152 245
449 949
780 572
233 14
72 396
698 64
134 84
318 689
105 196
768 958
676 543
775 213
906 4
673 887
671 260
82 575
357 375
786 577
5 235
977 810
379 112
968 754
971 340
826 433
962 49
820 151
234 932
933 912
401 263
94 404
374 164
726 581
325 608
8 14
52 266
934 149
302 509
60 354
282 804
371 455
969 550
108 22
933 277
239 972
256 987
791 869
443 731
814 446
227 352
446 962
819 100
508 931
878 961
165 954
583 148
323 616
89 752
805 234
643 86
540 369
224 345
792 987
800 486
567 928
913 825
255 180
735 766
444 453
676 232
558 167
1 304
442 226
444 436
83 236
525 509
927 441
710 827
533 978
456 26
898 209
850 54
975 112
804 479
146 817
219 877
186 94
704 983
183 971
193 926
50 513
510 399
902 267
214 403
436 649
592 559
274 232
457 658
729 542
794 563
820 567
240 600
452 403
551 897
642 639
972 730
845 164
792 16
738 980
812 435
341 901
967 593
695 486
932 788
575 156
43 7
607 517
176 420
968 960
128 263
264 967
933 993
322 252
241 891
441 689
795 526
78 702
687 532
501 481
856 528
854 47
268 902
489 861
109 28
942 218
19 204
92 881
259 362
372 183
31 758
602 350
469 357
271 467
743 515
196 838
674 3
679 183
334 972
64 240
688 922
430 483
847 817
198 15
58 914
95 60
921 528
683 657
47 350
503 872
107 67
515 1000
330 238
899 958
395 626
546 814
33 833
434 768
588 609
429 760
376 15
386 302
558 40
83 136
681 602
196 425
594 173
222 747
23 532
724 903
795 312
693 752
471 230
590 872
765 222
395 482
881 961
642 801
536 292
220 341
475 140
957 888
478 801
46 585
506 902
158 7
819 843
180 763
452 352
161 898
637 117
396 799
613 485
845 72
243 266
100 385
606 256
360 110
769 332
823 561
991 225
540 521
405 648
50 724
963 914
751 979
276 923
403 579
777 218
760 638
890 565
727 349
109 801
693 86
967 859
630 563
242 336
722 710
363 492
768 418
809 730
955 948
463 569
543 837
88 773
972 273
590 975
729 60
52 791
311 618
577 112
991 888
669 640
374 398
474 235
216 24
437 844
22 874
579 687
222 451
66 614
840 877
749 739
556 128
649 573
926 895
925 856
473 649
735 673
187 375
278 34
740 841
154 116
690 98
858 960
992 774
889 130
999 125
413 634
399 699
129 419
40 258
97 471
279 573
404 725
948 956
277 76
480 328
169 456
393 583
378 821
449 8
618 117
926 330
984 887
581 499
669 508
135 448
363 831
696 582
976 405
517 568
516 909
149 356
465 215
343 960
431 590
510 673
519 239
856 827
85 471
68 667
180 509
436 103
340 901
32 316
731 506
496 685
631 349
321 210
928 358
730 62
624 533
750 53
477 559
117 632
411 961
798 751
583 763
122 757
460 402
928 416
744 797
925 760
990 774
100 584
92 936
829 13
305 940
349 168
616 629
720 194
52 197
961 611
514 284
644 821
938 534
616 644
304 454
781 76
583 320
287 263
398 676
710 102
918 431
504 13
729 468
816 757
642 421
539 765
81 517
244 215
768 627
608 882
898 202
390 310
449 874
840 325
768 738
21 250
349 669
520 695
906 848
46 679
395 477
36 473
585 245
280 43
101 189
486 489
987 180
4 810
737 429
422 577
561 255
745 106
802 227
430 841
150 675
620 932
7 878
545 323
15 355
134 375
347 416
848 395
955 673
647 687
405 704
190 174
229 908
892 92
512 210
125 619
493 7
590 399
514 97
998 848
198 877
331 69
635 147
125 261
907 992
838 51
969 971
881 55
562 586
85 47
576 594
939 544
703 475
796 175
361 804
433 407
731 898
199 872
883 939
882 554
965 689
36 859
53 803
165 953
95 440
335 457
178 52
509 454
330 203
698 885
691 206
468 349
589 935
364 478
499 321
761 22
706 913
727 825
233 429
505 720
870 803
50 988
509 153
827 252
774 549
63 901
873 366
267 37
766 483
291 427
310 69
516 656
8 851
716 852
426 166
992 411
511 818
807 705
576 633
986 990
664 173
817 132
314 362
498 511
401 918
355 602
530 874
343 229
163 579
935 289
426 243
155 979
764 853
93 750
431 518
177 611
472 589
846 887
150 830
9 186
15 500
678 668
521 343
423 883
180 960
604 556
843 684
492 278
70 821
777 14
800 889
340 215
734 534
626 391
457 867
619 722
764 281
912 754
735 136
453 742
207 442
668 70
304 721
257 717
661 983
222 247
995 821
279 84
710 344
987 997
224 503
477 987
409 299
231 204
843 470
610 55
852 104
374 764
340 324
774 743
666 500
426 881
478 590
425 578
801 943
842 277
166 437
442 135
405 497
582 211
128 922
510 206
976 702
867 779
263 4
487 204
84 551
651 929
529 630
309 710
571 31
295 439
542 908
745 256
300 96
582 509
556 216
138 65
489 339
751 143
738 774
152 93
9 500
949 168
509 737
717 444
594 329
775 284
101 858
87 132
932 777
739 557
280 432
318 424
471 666
478 238
6 261
155 733
377 605
873 928
512 154
113 107
973 453
230 331
180 175
787 129
455 23
94 365
187 861
593 690
43 657
635 91
763 14
692 2
895 517
921 800
518 642
924 429
265 760
505 227
70 773
198 334
623 603
38 487
614 838
995 960
852 831
28 265
199 816
886 106
979 436
635 278
123 634
625 476
420 50
176 534
378 676
328 465
809 294
247 422
426 962
776 441
316 338
905 795
466 451
984 316
310 368
705 442
758 882
657 356
429 94
729 616
586 66
514 132
555 816
282 320
785 607
76 868
331 917
832 670
724 932
799 74
896 379
852 484
1 25
760 112
707 939
854 448
333 697
31 193
579 357
30 47
413 189
400 509
917 253
777 906
897 803
944 181
854 680
565 811
656 633
470 161
287 533
510 678
775 256
246 984
212 856
466 696
125 981
971 477
113 821
440 99
683 481
480 868
233 52
782 471
693 56
570 932
833 397
542 311
910 315
901 822
961 676
520 337
525 283
450 870
750 165
532 472
350 215
703 337
606 420
610 955
97 596
259 421
632 947
818 652
108 44
255 303
278 370
740 697
210 604
83 662
448 105
197 354
896 876
893 887
743 296
174 29
639 235
110 927
104 526
535 60
994 363
277 284
45 848
575 560
157 822
528 438
340 380
235 366
378 219
240 568
718 322
396 269
650 632
997 655
64 741
654 692
803 90
254 184
955 119
430 145
975 376
136 462
671 83
728 571
233 99
745 288
419 466
650 346
334 227
279 806
396 962
309 431
292 691
253 322
313 21
630 318
868 865
996 318
464 103
962 506
925 230
765 487
108 942
915 816
648 597
632 420
266 479
837 955
232 207
574 678
756 525
501 666
617 321
963 877
565 33
740 759
437 350
229 540
895 767
569 151
695 723
22 727
868 165
799 997
964 720
514 887
36 535
551 432
679 383
84 507
302 438
674 605
186 392
866 309
577 142
412 673
416 676
184 576
832 380
779 807
209 915
545 601
305 732
970 198
367 118
481 499
101 826
447 770
268 439
932 158
148 749
75 903
442 398
832 26
830 565
541 403
709 477
838 243
658 525
784 744
645 785
874 175
106 937
572 954
276 367
131 548
253 147
328 86
71 774
702 840
178 911
769 43
615 486
440 735
665 490
958 673
111 11
167 805
3 796
427 56
513 95
732 325
327 547
48 108
211 846
297 322
627 470
693 474
673 130
46 892
68 732
18 313
806 422
678 521
280 452
119 163
603 254
622 78
419 923
445 135
906 491
783 99
986 157
626 388
851 337
502 576
900 205
999 130
464 655
640 642
364 1000
735 139
117 672
62 355
773 374
735 24
244 549
762 934
959 576
142 298
291 556
956 970
904 885
779 835
156 642
785 54
625 311
800 700
957 464
267 263
749 654
68 860
239 704
421 691
922 1000
481 136
174 85
103 17
503 795
787 766
883 597
130 7
946 775
358 161
32 749
236 517
822 355
701 574
25 5
52 910
672 812
399 583
154 978
46 732
809 403
916 194
55 278
353 626
63 827
779 122
138 78
133 713
752 963
54 325
627 5
100 387
216 640
177 910
125 816
610 590
42 260
191 165
123 211
986 95
734 977
977 880
834 923
588 142
369 192
920 752
26 675
942 877
119 52
839 287
369 849
21 824
557 790
373 697
943 269
322 329
216 252
911 803
454 842
278 484
753 900
297 174
835 454
135 698
659 69
231 269
606 235
753 789
239 774
899 137
957 387
672 285
22 219
973 921
758 81
559 32
430 108
152 909
81 654
488 664
422 868
989 52
992 792
427 567
107 335
774 595
421 905
251 361
689 169
49 74
729 664
222 703
336 762
998 12
139 89
805 740
989 327
205 472
208 452
923 889
530 913
177 383
755 950
243 202
150 554
7 247
512 315
32 189
250 876
546 214
216 749
512 426
146 680
973 53
225 821
725 948
394 298
712 289
171 309
7 554
406 339
88 598
604 40
734 973
118 438
744 682
398 76
626 125
365 231
791 527
631 204
669 943
346 692
856 377
947 930
969 958
491 302
852 836
584 823
165 50
792 804
614 867
635 324
481 470
634 20
762 65
778 810
356 818
508 777
36 944
364 357
802 712
47 272
641 991
14 587
733 369
960 392
183 848
22 86
704 121
917 246
20 627
442 608
667 796
358 105
505 683
417 537
128 980
419 247
22 432
172 485
679 572
673 712
291 433
111 784
519 265
758 633
945 956
177 266
189 698
785 715
110 472
76 536
717 398
833 947
176 206
160 707
324 478
162 17
441 115
59 667
225 631
393 835
926 55
693 456
518 237
81 80
409 295
410 850
898 634
161 88
494 34
699 984
495 373
150 784
427 253
673 229
780 703
950 715
811 19
522 962
480 769
544 630
358 870
587 552
289 365
364 743
695 701
21 926
208 891
192 528
424 159
213 390
621 265
623 335
406 631
208 778
787 184
865 680
147 857
579 954
526 215
428 918
311 575
627 934
188 298
340 221
450 621
255 450
972 426
611 917
264 505
250 206
396 238
198 38
329 213
746 73
598 455
50 105
931 752
887 992
842 29
95 705
568 539
849 815
277 462
60 50
151 485
340 290
857 399
988 406
109 667
383 332
850 403
12 60
70 270
73 58
576 399
225 215
483 983
339 347
505 583
158 464
948 967
427 652
194 689
672 769
384 217
681 597
404 148
600 547
305 377
72 92
453 577
590 898
186 460
723 287
654 99
379 41
210 953
547 973
720 503
665 410
834 611
724 691
393 895
638 793
414 199
896 66
953 151
739 674
833 697
686 627
484 15
465 727
732 854
955 606
97 438
427 217
526 631
963 762
910 726
837 926
509 573
293 752
518 491
77 793
704 973
446 470
177 835
553 964
200 700
94 484
574 978
521 241
640 276
894 803
181 700
327 247
645 158
888 787
939 497
493 668
352 592
506 441
423 689
804 472
622 651
383 189
990 111
188 445
460 698
227 641
725 130
856 79
106 594
741 630
870 528
946 64
912 176
749 653
715 261
274 581
774 842
970 405
780 511
619 161
401 150
736 387
790 160
538 185
277 339
776 622
444 484
407 720
945 137
657 285
162 661
186 74
932 401
966 713
883 453
735 620
482 178
131 754
46 259
305 187
127 764
438 121
799 80
949 611
107 640
296 321
846 405
43 408
262 186
765 219
811 927
957 885
962 513
249 395
128 41
113 557
76 439
794 530
198 998
879 53
789 797
206 641
55 332
765 430
351 285
25 753
462 606
996 462
992 713
518 471
62 83
851 810
656 844
422 570
94 448
888 906
226 113
751 690
865 871
815 337
105 878
647 804
17 397
400 275
473 835
936 357
790 458
83 764
815 183
587 60
832 165
295 194
473 541
610 102
844 697
32 890
981 509
88 324
246 130
218 971
2 140
302 144
197 63
288 757
842 164
884 799
222 898
685 282
79 63
979 5
232 670
139 378
876 395
827 201
866 657
443 192
10 485
447 648
675 493
608 984
332 760
896 381
37 841
261 581
82 418
376 705
873 437
376 891
394 102
267 252
509 929
224 831
45 658
462 361
52 493
732 415
845 152
719 643
868 847
940 172
579 500
780 517
967 645
56 855
845 105
993 734
647 311
65 543
873 864
893 381
698 716
831 59
428 766
503 90
394 442
324 959
554 348
419 965
846 988
743 896
617 500
485 588
811 468
564 498
742 684
670 409
412 441
711 311
574 117
591 953
504 741
782 102
431 124
262 811
821 900
938 864
118 192
819 159
70 871
697 767
771 256
921 691
153 601
460 627
706 375
890 8
770 984
771 401
204 616
633 874
559 86
49 681
892 733
628 555
679 665
60 47
94 618
260 569
597 880
466 274
122 336
508 889
75 618
849 851
326 442
433 52
379 776
440 888
990 464
296 764
98 696
619 6
326 968
85 963
693 644
31 45
399 521
326 603
818 387
320 446
254 506
854 453
253 495
915 596
439 574
958 538
319 196
855 502
768 304
579 464
767 683
812 620
437 442
479 787
203 245
372 737
636 374
157 11
765 342
177 981
752 667
458 538
350 516
96 739
781 886
249 730
380 299
716 397
555 9
647 569
998 855
365 202
206 587
540 786
703 230
928 244
885 322
332 356
761 622
312 950
544 332
415 639
456 868
329 506
844 271
733 83
321 846
229 628
153 565
335 293
840 857
389 862
913 19
572 368
934 875
519 795
459 585
226 180
728 46
88 141
415 290
495 528
631 644
300 994
482 925
325 49
453 12
951 285
53 962
457 201
814 189
295 729
11 750
837 150
253 847
783 784
510 70
760 349
154 218
451 372
676 123
469 995
571 135
901 794
149 997
371 173
798 402
357 834
563 555
914 835
93 840
790 671
894 394
417 262
769 41
578 859
281 503
154 623
798 332
285 263
548 403
417 247
516 945
722 154
637 109
198 369
310 789
167 948
314 472
127 341
29 947
270 391
369 504
223 493
190 254
137 498
122 528
708 895
603 67
677 712
164 797
590 383
294 136
613 934
502 815
498 365
947 590
547 520
643 841
475 613
740 63
298 214
856 532
892 210
971 197
274 111
701 436
939 355
688 545
87 545
571 936
891 923
729 36
929 698
22 979
394 950
499 915
839 889
161 882
457 395
365 754
439 367
575 899
799 543
378 655
624 107
606 47
297 483
687 170
301 411
12 82
469 392
932 3
898 111
790 161
315 3
23 818
118 756
780 79
693 986
107 357
434 655
110 708
550 545
903 275
686 97
844 708
232 562
379 805
140 893
159 35
977 460
318 896
745 372
435 383
157 542
598 940
158 873
949 610
755 815
333 253
393 696
27 930
881 965
628 86
404 24
613 262
779 124
138 76
751 136
175 346
664 140
348 397
349 996
542 173
450 349
897 282
846 814
719 607
884 485
466 723
929 169
659 256
553 773
807 136
938 329
721 79
575 188
6 361
781 813
52 330
160 857
547 599
416 179
518 568
490 341
555 192
424 606
389 128
545 106
765 655
111 493
259 684
385 889
830 85
778 752
928 205
657 513
660 764
865 870
683 821
833 192
687 677
924 57
30 940
434 269
952 178
408 912
613 525
706 481
892 468
161 572
456 956
697 738
101 926
840 770
344 209
625 320
202 19
390 770
924 995
700 485
945 458
672 654
891 626
595 374
638 440
875 38
239 599
330 401
280 646
803 210
514 131
954 330
330 480
404 879
704 317
614 272
561 356
582 306
399 564
398 435
908 4
2 753
620 798
205 470
722 64
885 404
505 856
48 476
826 98
992 326
684 388
647 16
996 438
63 857
135 316
67 410
316 520
894 301
16 588
667 784
872 267
564 577
869 372
864 642
172 740
661 261
548 882
86 884
169 616
152 346
985 967
835 191
360 221
638 560
338 67
535 806
404 864
408 494
912 799
339 601
240 258
312 911
557 680
856 716
583 875
394 669
70 698
659 107
810 5
351 167
333 920
117 596
402 275
278 390
833 93
340 187
801 447
913 165
643 460
814 423
796 246
504 964
486 756
657 152
876 36
930 908
420 194
503 703
876 187
415 329
606 84
383 453
80 822
448 778
601 372
231 17
359 92
115 520
41 941
558 138
425 526
407 682
836 616
323 567
840 619
527 661
288 786
970 786
973 615
591 973
83 215
180 891
770 29
956 304
979 913
675 392
118 308
129 60
662 134
573 569
888 85
462 424
84 612
349 522
831 410
561 98
944 118
525 519
802 140
675 230
668 869
696 614
246 904
651 974
522 113
599 125
376 741
233 700
930 266
787 367
102 555
169 580
298 96
177 805
825 145
702 201
725 680
686 934
265 458
85 201
657 568
877 925
729 323
878 398
402 85
294 79
597 366
9 973
28 63
873 526
692 86
531 80
523 844
308 351
754 315
661 733
41 444
388 407
47 242
472 32
346 569
978 790
264 364
249 306
532 733
368 160
131 220
923 40
16 268
828 235
848 745
443 847
690 196
880 218
504 795
614 623
409 252
671 380
533 763
351 912
537 760
25 268
188 872
995 584
235 335
309 972
420 299
701 678
975 59
478 737
318 794
965 241
595 12
387 947
500 968
581 33
448 675
965 130
328 89
862 538
993 857
298 625
6 838
859 816
471 78
842 558
244 324
615 343
177 645
973 31
727 963
707 245
758 117
533 401
57 456
692 902
981 623
764 849
410 948
638 878
489 661
697 152
21 734
267 626
821 7
289 158
623 143
238 235
241 133
630 697
167 149
540 593
190 316
673 112
341 487
75 314
147 921
350 880
702 229
7 765
527 506
530 298
749 182
142 924
660 729
369 170
613 647
743 856
981 931
696 45
346 618
113 173
297 38
354 177
815 300
35 758
291 576
895 835
790 469
648 494
117 463
139 462
196 978
876 108
749 762
92 515
424 221
23 111
634 74
581 449
691 129
622 233
549 35
25 383
685 476
912 193
490 469
578 310
681 260
934 630
115 960
847 435
20 301
766 289
993 155
421 914
926 689
358 55
197 891
128 926
996 701
723 479
816 267
857 102
65 980
235 339
298 597
499 236
318 528
465 460
194 514
980 613
488 891
306 692
163 773
614 38
102 778
216 869
965 408
750 742
586 591
272 763
2 524
152 417
209 80
483 433
531 607
125 860
822 162
860 273
38 637
19 111
258 853
43 201
237 787
823 524
592 814
275 10
632 479
219 896
553 917
920 836
834 918
599 154
13 531
280 368
971 275
230 32
711 333
660 765
653 596
122 134
565 312
796 124
853 125
193 817
341 329
917 784
978 990
540 121
28 261
156 882
840 771
378 974
195 780
970 138
131 20
773 749
387 446
705 175
956 509
348 665
701 923
60 5
577 405
61 316
905 654
49 284
490 936
328 469
620 35
956 207
120 855
407 641
102 283
88 501
26 557
922 122
46 434
323 747
876 389
624 374
387 634
63 533
908 392
534 54
810 934
885 482
723 507
392 831
449 818
908 287
470 616
715 879
665 54
614 115
281 317
284 996
431 887
168 649
405 868
746 218
911 430
107 908
956 663
220 677
257 341
684 20
557 290
335 660
121 792
532 616
708 455
846 768
793 436
376 714
837 963
859 183
398 305
313 223
276 981
313 328
228 349
835 335
433 819
14 240
752 607
131 436
518 320
78 763
473 131
476 742
49 892
651 55
854 219
503 491
326 352
934 99
208 591
946 341
202 165
887 310
190 578
818 795
505 108
892 616
16 289
404 712
23 38
815 58
946 183
895 232
81 53
774 897
421 743
361 766
312 543
676 355
553 248
317 551
177 220
434 709
1 302
520 606
197 321
999 412
620 855
162 731
309 536
456 826
131 716
427 677
305 479
417 399
897 901
2 803
404 243
651 146
559 517
874 105
33 735
474 379
241 604
927 886
781 818
129 221
341 634
379 443
16 681
147 305
734 882
436 977
627 510
152 264
656 1000
252 393
932 845
437 297
501 614
114 835
411 642
146 429
909 127
113 934
894 778
270 413
956 621
539 575
740 404
138 845
44 587
770 745
700 618
682 45
371 653
192 817
954 718
876 211
53 524
471 813
829 443
781 312
784 612
468 21
985 229
839 6
307 401
94 75
648 499
870 664
85 1000
236 488
404 748
109 816
996 920
965 845
933 431
348 833
495 530
140 117
641 568
127 999
164 115
6 650
244 129
500 43
361 363
988 256
209 911
621 651
23 921
266 958
287 4
895 371
552 427
646 597
866 599
188 591
817 57
529 909
55 159
148 301
793 48
759 869
23 639
229 390
445 826
770 256
171 277
814 713
594 834
845 205
811 965
483 404
814 568
988 763
632 341
219 303
740 219
463 471
635 822
531 800
808 891
312 106
848 108
722 589
959 136
419 927
961 260
925 409
397 736
859 413
623 364
644 295
367 674
282 608
411 43
565 291
415 972
256 671
688 690
47 145
947 927
126 698
61 53
668 67
910 128
36 789
610 238
728 157
265 929
100 826
586 327
783 547
537 953
739 155
520 169
244 967
689 598
597 837
726 797
258 93
338 271
412 982
110 859
537 731
40 413
849 665
942 98
818 148
106 130
141 385
879 525
606 847
516 595
844 832
573 414
520 534
710 678
562 145
147 875
12 178
197 890
77 404
187 188
614 197
318 902
998 100
780 175
287 905
589 569
827 396
684 275
703 561
558 268
228 919
675 208
470 956
293 861
310 213
992 444
521 698
354 861
867 63
712 43
881 596
268 749
813 167
573 834
345 439
436 794
931 129
99 608
372 692
981 514
449 657
829 974
96 574
479 853
6 367
445 965
122 562
393 122
195 290
551 129
935 38
294 170
795 627
652 984
69 890
86 72
108 656
968 625
700 972
413 788
721 367
351 60
53 418
735 346
479 408
598 70
655 389
514 827
952 672
881 242
847 941
354 82
815 195
505 230
765 832
531 248
843 58
41 4
995 967
373 935
875 365
187 687
151 72
173 400
544 236
653 902
692 988
469 613
204 726
761 247
196 582
753 619
370 849
576 44
317 514
304 431
233 479
162 581
804 20
366 733
853 439
614 391
745 564
819 753
803 212
197 205
975 498
121 483
283 956
340 571
444 940
181 196
620 530
128 234
326 653
647 253
119 690
814 662
254 867
298 729
281 429
676 738
628 219
186 370
885 692
135 335
229 176
640 147
902 247
925 142
319 899
301 756
450 46
114 67
425 500
29 234
912 898
693 3
768 358
806 482
55 826
842 11
194 760
74 548
458 455
459 98
924 232
284 79
307 150
553 658
313 553
136 46
216 220
716 217
809 841
226 77
209 793
106 759
17 902
235 793
736 770
808 399
299 808
412 713
269 80
843 183
610 150
352 650
628 674
639 97
710 165
162 903
179 799
326 146
553 110
667 242
942 440
876 291
620 178
413 711
420 418
546 848
126 142
439 56
864 371
153 154
529 791
604 333
508 602
325 380
811 685
519 756
187 119
148 532
391 1
920 291
741 693
376 811
283 777
358 335
533 153
675 374
149 160
587 134
584 223
33 335
231 548
324 474
508 175
76 619
833 800
65 734
564 688
410 815
964 138
73 559
555 479
370 27
579 469
543 310
901 264
794 72
432 521
99 265
760 589
320 554
907 568
270 200
919 741
631 319
800 851
252 360
888 456
264 48
744 898
216 265
731 701
203 5
976 259
134 693
360 780
74 314
91 712
728 275
144 712
93 511
347 915
723 536
335 294
332 308
641 797
930 942
518 873
250 742
502 428
140 231
399 938
150 286
629 511
153 852
449 79
616 742
121 200
254 166
175 495
956 240
905 854
546 884
582 94
840 393
236 542
954 401
681 703
221 238
174 284
435 943
261 760
907 186
908 337
570 336
951 173
864 125
462 394
567 125
177 257
368 5
140 521
72 431
257 355
958 565
171 421
270 539
806 761
627 44
778 22
941 714
821 404
384 793
902 191
643 505
582 855
471 652
685 598
636 4
7 68
240 509
38 128
223 140
781 744
798 670
765 601
251 541
548 929
705 80
756 780
429 654
892 348
605 789
209 720
502 127
78 137
749 470
5 727
94 149
187 533
829 478
26 413
977 715
248 549
653 784
62 408
505 186
178 240
431 166
511 116
294 730
905 519
750 849
620 418
516 175
637 887
657 503
549 33
148 654
477 70
257 525
615 800
503 790
966 394
382 221
989 43
741 922
761 52
641 692
221 242
594 876
872 854
897 851
58 465
225 352
544 908
84 557
569 971
589 568
211 674
140 606
788 274
384 40
802 76
116 877
134 211
486 427
860 380
699 806
202 882
977 56
390 173
907 277
802 37
270 503
312 297
377 773
432 578
414 950
829 973
337 699
52 218
688 482
87 480
200 732
754 159
683 153
961 287
66 189
158 755
557 785
264 200
877 244
401 81
476 691
113 335
187 352
744 695
156 989
620 282
88 716
446 830
395 824
588 847
148 844
93 256
28 438
306 48
344 835
974 707
41 805
942 413
121 23
855 895
611 916
515 126
893 633
624 281
594 961
150 920
888 350
15 803
220 99
415 127
150 338
747 370
762 950
763 908
413 917
721 748
276 816
483 753
35 970
195 197
15 630
509 957
112 905
920 230
27 501
220 679
811 780
777 908
635 576
845 101
613 25
171 122
323 327
458 738
534 995
204 450
777 878
262 742
446 3
450 94
68 529
821 125
454 638
401 386
294 215
208 916
839 485
854 511
69 861
160 215
990 789
886 908
264 21
281 921
982 403
705 842
696 120
824 45
782 269
521 115
743 866
75 34
443 582
61 11
118 196
428 712
804 629
753 859
368 135
939 586
144 872
696 453
805 109
631 783
192 100
451 721
461 820
17 143
770 839
37 324
883 349
66 756
77 785
412 1000
670 589
969 509
491 865
466 417
454 888
250 504
378 565
987 705
274 792
900 996
850 315
577 657
119 962
68 268
987 638
739 218
20 271
194 678
357 810
783 990
615 223
512 766
688 652
346 396
453 616
853 78
855 285
512 365
13 813
573 792
105 204
893 59
744 841
755 6
232 201
488 83
930 150
642 514
276 772
542 123
160 789
661 407
220 937
976 87
314 252
794 872
262 30
484 886
642 824
132 234
703 157
762 571
264 930
265 463
895 741
365 198
846 687
861 678
42 138
706 437
964 877
915 355
641 29
61 47
374 94
277 759
445 289
800 272
503 751
967 348
669 610
808 251
408 745
282 206
11 516
49 713
325 172
74 108
754 762
738 215
444 366
818 31
652 545
468 356
162 539
3 313
260 680
524 973
233 406
729 569
885 134
832 830
617 568
154 806
52 479
233 295
733 114
921 120
417 425
56 727
196 962
590 788
153 407
384 913
871 853
340 995
343 412
9 623
129 142
3 757
334 193
871 938
875 559
107 953
238 285
935 329
134 40
673 954
102 764
34 116
111 134
119 411
229 247
878 220
366 48
5 166
6 385
427 220
212 926
584 297
52 199
218 334
915 195
440 33
137 71
891 192
358 775
949 480
899 727
661 540
597 414
427 506
601 987
985 436
911 932
180 210
526 649
991 138
545 172
527 116
602 294
160 509
749 469
736 860
240 43
717 567
464 931
677 153
291 978
143 541
239 760
210 542
317 794
335 46
28 339
468 154
906 342
938 582
391 388
908 818
875 161
12 67
89 724
400 89
112 339
918 511
480 883
813 747
779 551
579 1
908 129
676 165
297 624
447 514
395 175
73 473
845 683
386 294
248 81
90 700
586 793
701 873
673 127
893 784
270 811
327 846
145 870
220 446
812 218
245 541
391 985
42 605
8 965
595 779
262 78
803 374
876 864
570 87
614 431
826 61
573 832
833 751
264 574
602 798
513 957
346 102
440 479
354 701
794 910
959 456
906 196
449 663
105 277
161 27
494 129
367 893
762 585
760 535
392 209
465 319
548 736
143 12
695 627
713 980
156 137
947 686
251 13
267 736
372 549
366 302
117 620
703 213
707 302
118 26
381 883
630 623
496 195
497 286
601 816
868 379
9 778
531 141
712 749
259 334
903 905
906 719
139 804
360 673
697 742
184 399
886 242
209 844
261 739
952 916
648 397
904 791
283 370
545 539
976 674
397 198
951 675
516 140
610 99
406 124
139 403
767 395
552 184
787 691
498 560
701 777
315 178
676 217
849 399
965 37
511 431
743 112
432 84
531 138
457 999
846 331
405 143
154 897
50 622
846 506
98 866
119 652
347 829
34 218
695 147
76 577
385 364
738 690
155 882
393 809
31 756
334 191
704 765
431 598
300 507
789 828
973 764
280 356
263 549
949 6
552 816
775 398
394 423
416 211
904 360
977 854
723 180
527 398
241 144
441 753
248 785
246 364
344 484
623 422
857 42
454 168
538 849
616 351
502 164
711 80
255 468
771 263
95 319
244 539
482 144
620 398
58 995
187 717
942 335
619 846
37 922
767 478
550 304
164 203
40 57
884 275
101 656
961 983
356 911
235 214
515 40
718 545
614 470
596 69
743 182
379 899
782 598
187 24
961 753
11 854
709 115
638 299
827 232
222 754
177 435
822 301
988 93
662 154
538 924
244 509
12 459
110 223
400 621
917 56
315 666
997 874
543 18
820 693
620 647
159 261
306 891
589 336
293 787
849 163
634 807
854 604
251 649
693 466
234 489
203 618
989 583
276 150
45 762
372 639
693 323
424 785
290 310
328 765
517 917
645 545
370 104
152 267
392 282
319 929
266 319
671 492
290 681
419 791
223 261
704 999
688 476
48 635
394 603
79 877
95 863
552 210
905 45
839 332
266 178
701 427
320 458
283 254
431 430
913 347
696 21
588 35
924 125
412 265
156 591
749 496
610 854
597 76
806 16
840 975
801 607
363 202
736 800
260 996
871 23
961 145
853 419
141 39
948 393
145 428
255 89
410 56
451 716
89 767
554 915
385 641
499 728
418 671
357 538
505 367
288 707
553 217
25 272
209 325
174 179
128 519
241 898
90 487
679 926
261 853
188 987
997 603
232 731
233 294
694 469
996 645
727 535
986 23
343 302
50 566
803 460
608 830
577 693
220 330
706 189
150 613
607 463
814 716
656 666
339 748
162 79
974 406
955 460
375 927
820 568
825 182
716 633
73 969
703 845
685 690
545 359
928 617
967 584
91 253
555 330
868 915
446 73
194 254
345 378
303 260
493 82
259 550
47 975
929 994
532 185
597 413
726 243
319 699
865 861
481 596
446 314
313 97
450 681
986 791
749 837
117 681
834 195
429 541
393 325
323 890
825 508
934 451
325 877
697 570
682 302
259 115
211 263
64 201
895 220
566 980
435 338
349 232
663 844
417 776
128 709
60 465
390 581
83 437
840 600
676 166
948 643
328 268
366 708
918 111
666 508
578 581
776 532
260 653
197 214
81 640
55 216
300 225
373 437
254 204
548 79
35 20
167 531
224 971
832 650
372 243
135 49
304 115
858 646
789 212
37 863
997 849
621 869
983 770
551 357
917 112
24 449
152 54
194 945
175 950
949 783
552 567
419 608
774 170
691 379
93 357
608 382
682 541
582 510
578 602
544 982
485 368
986 439
826 284
461 455
851 835
545 508
782 451
19 21
248 903
561 618
873 936
267 739
229 127
159 785
753 194
511 726
134 593
7 733
891 92
477 627
591 931
5 460
274 354
799 954
48 865
147 528
929 744
445 464
679 316
798 166
193 213
66 861
312 581
983 254
776 244
316 149
944 854
554 841
728 217
134 925
13 36
967 295
2 279
813 718
746 755
413 704
654 390
801 978
219 529
127 952
22 60
63 640
231 974
127 777
131 4
116 62
926 657
586 826
969 178
491 562
439 818
120 168
162 405
56 656
236 774
538 808
261 591
997 885
401 836
163 805
699 215
868 182
33 273
824 516
141 870
864 773
96 439
564 590
964 288
414 769
401 614
538 637
726 494
72 561
694 840
604 826
39 61
42 483
668 595
907 529
800 431
656 799
752 708
143 99
94 535
60 643
247 26
373 580
65 819
748 528
240 263
256 572
388 41
564 130
325 626
933 883
184 334
238 897
658 458
363 336
381 903
991 82
208 579
687 821
926 195
861 610
60 199
743 578
771 407
684 876
743 467
357 660
212 105
583 170
53 839
314 569
922 952
943 866
892 842
865 178
288 791
509 283
923 399
27 626
603 915
819 718
14 876
201 171
555 788
22 331
225 317
980 443
908 424
71 516
803 66
25 671
651 150
154 994
107 590
606 548
59 803
921 225
888 201
54 643
284 964
357 10
379 462
984 860
343 107
993 530
741 404
445 695
889 737
928 735
432 814
307 650
180 644
845 182
501 832
206 382
234 633
533 489
682 981
989 87
276 774
134 385
416 129
159 715
474 187
242 338
707 459
313 360
117 946
243 747
835 303
449 120
657 563
587 702
952 17
256 536
810 83
385 932
174 538
375 367
881 46
114 727
575 294
613 767
706 435
563 294
411 85
930 715
442 709
829 439
501 166
212 431
982 671
820 302
550 115
183 638
296 130
848 607
361 445
894 17
342 818
532 841
895 312
46 157
589 637
535 491
701 991
61 352
561 449
301 433
728 931
321 531
305 950
490 506
326 780
239 549
844 969
571 300
645 793
704 203
978 486
706 81
767 160
434 628
988 179
42 837
509 35
604 451
740 366
716 773
309 745
145 888
774 316
776 949
764 904
286 106
493 414
134 148
707 248
531 582
574 616
232 39
307 535
147 190
919 804
976 166
578 742
890 692
265 15
963 928
657 765
587 636
74 921
666 556
873 427
761 833
336 148
655 143
513 738
952 446
554 286
76 78
575 100
537 810
621 486
470 306
41 370
174 566
636 229
605 786
760 974
403 740
631 34
890 360
653 700
529 374
105 772
383 213
294 846
61 49
852 812
947 16
251 431
325 876
623 703
222 252
631 832
999 796
451 794
32 936
1000 123
495 717
867 374
839 772
698 744
515 978
296 924
475 925
541 621
749 535
580 3
76 923
611 970
481 241
616 852
600 377
106 142
468 489
953 655
555 975
662 97
413 100
323 643
571 185
77 400
850 144
589 565
241 655
3 578
794 379
444 688
599 764
737 371
703 642
81 247
337 13
449 587
234 415
323 223
627 13
250 854
828 435
712 269
829 970
189 619
677 662
56 160
754 11
541 103
234 851
808 746
21 991
669 963
673 384
89 201
663 47
630 440
96 911
479 388
136 54
781 410
492 17
754 380
204 925
79 595
151 870
288 320
507 948
1 793
93 435
972 410
645 268
577 78
923 102
549 992
92 589
916 817
536 162
253 702
913 808
459 535
328 280
283 741
72 624
328 474
37 318
947 431
253 908
605 171
608 753
992 784
754 915
318 836
251 333
704 83
287 75
382 79
440 978
305 997
226 427
922 246
651 284
342 98
969 177
355 403
352 157
461 981
785 743
719 874
98 864
372 327
210 358
306 853
660 260
826 108
812 79
336 272
816 10
616 217
387 715
609 234
259 818
77 103
993 614
81 108
814 628
67 17
270 470
876 981
20 249
78 435
323 328
217 717
569 416
698 260
592 783
938 279
540 615
498 798
337 676
122 594
69 969
555 34
905 55
963 777
584 754
434 457
808 710
593 260
209 627
337 582
200 842
274 433
114 688
151 789
748 823
551 276
826 885
80 639
133 395
317 126
112 32
458 52
994 66
351 835
744 549
430 438
126 577
538 439
95 334
176 604
487 16
913 953
143 964
865 320
421 738
549 428
763 609
164 68
607 432
476 214
538 329
922 40
540 495
287 158
269 703
606 888
148 560
290 174
297 590
465 732
391 236
487 327
783 938
642 42
171 526
33 609
309 660
516 678
645 966
405 161
446 766
758 313
323 1000
351 253
716 881
128 202
771 624
962 721
186 8
552 609
756 449
370 132
915 747
159 404
10 951
290 453
774 115
486 298
691 819
301 579
398 359
879 106
449 938
242 93
25 513
618 640
552 814
757 598
8 332
9 21
262 705
263 664
748 742
990 575
532 557
57 882
956 618
78 728
374 179
658 412
951 801
365 340
531 293
167 418
173 673
726 951
832 271
714 903
696 134
697 691
130 756
705 72
917 851
311 420
252 965
653 815
98 19
282 858
781 132
286 866
992 523
862 154
168 93
645 469
813 627
653 970
636 646
878 959
634 419
286 540
987 689
126 351
779 336
549 363
534 145
225 239
387 552
205 62
193 841
380 589
586 224
361 919
970 643
948 127
372 153
10 420
295 389
674 270
31 415
453 585
805 676
663 586
125 193
55 698
168 838
206 770
484 160
342 322
741 63
328 727
163 589
682 551
665 275
76 301
138 181
648 634
170 226
116 602
538 630
602 225
242 208
563 952
214 106
696 981
234 892
915 53
75 304
475 634
697 164
812 603
1000 883
711 645
833 253
963 622
624 678
440 445
517 75
611 416
819 175
621 7
108 478
291 582
257 682
278 320
575 682
924 917
515 823
109 964
771 321
40 213
256 946
829 75
316 98
305 759
622 514
365 747
316 465
264 782
28 477
912 168
787 664
257 997
754 797
758 253
509 337
805 772
275 777
831 772
511 319
92 430
440 625
495 787
386 293
315 393
463 305
401 395
567 191
658 761
478 588
612 772
701 565
63 588
85 900
747 283
50 585
270 814
453 412
168 516
99 824
206 124
372 364
907 43
16 968
718 219
632 152
246 808
838 220
211 535
548 446
218 183
836 497
550 544
233 338
259 870
51 503
684 189
179 298
564 539
360 89
267 519
87 158
255 872
695 479
918 196
241 202
211 413
591 806
815 650
566 296
492 477
518 463
42 412
540 691
118 419
834 912
655 226
750 36
74 525
39 377
995 159
962 76
392 48
860 851
196 404
160 429
515 629
91 647
946 632
903 795
979 465
669 661
691 453
244 285
93 291
113 429
969 183
353 158
830 920
616 516
476 348
850 200
41 809
874 443
468 296
417 810
441 494
308 849
942 16
653 99
675 695
931 769
813 349
415 945
135 22
54 835
715 519
716 818
390 321
407 637
818 260
714 373
642 246
153 419
121 599
634 472
556 295
261 589
46 513
267 244
333 107
559 845
504 554
96 497
551 677
427 123
154 721
727 172
674 24
986 486
414 775
237 285
789 825
829 892
443 441
247 267
599 86
937 255
90 66
860 610
458 750
898 835
959 447
322 17
195 261
534 854
479 197
905 54
815 543
216 387
380 398
682 160
725 270
393 379
234 967
352 818
78 876
28 65
467 483
69 635
621 62
363 338
878 727
716 214
184 430
748 132
615 514
50 491
676 395
821 686
186 438
60 176
852 212
835 798
328 849
913 952
826 48
406 31
129 768
835 943
840 515
801 771
842 113
607 435
889 58
529 889
857 532
760 820
865 33
168 303
852 281
266 900
230 93
345 901
320 180
862 662
900 887
689 204
486 186
697 904
788 752
723 413
907 226
799 16
547 75
196 334
824 708
550 834
275 652
594 82
633 392
337 59
910 822
846 68
584 83
747 513
307 652
767 844
241 432
349 805
355 696
981 596
753 477
309 87
366 24
940 287
155 625
599 122
413 441
473 342
831 71
229 945
748 743
584 640
845 359
133 187
762 583
7 662
998 847
910 285
180 250
971 209
49 769
303 252
588 94
19 301
368 505
403 714
423 567
65 63
672 1
217 723
160 469
644 111
925 578
439 720
493 576
406 216
994 103
227 364
343 886
473 556
115 719
471 237
351 567
599 103
710 250
748 73
749 672
254 262
791 95
885 96
871 397
804 474
506 401
47 531
575 885
945 356
877 60
866 766
524 88
598 809
455 901
231 784
73 434
315 477
978 119
110 779
500 983
146 320
417 429
223 73
310 80
719 956
724 998
68 2
470 938
197 930
54 85
555 528
862 940
223 678
637 623
208 389
907 415
125 192
572 513
729 540
115 470
902 406
391 663
275 195
234 456
452 391
879 24
578 629
781 944
48 316
746 431
218 68
751 82
954 816
906 541
924 920
835 239
857 427
203 873
664 453
975 779
7 613
178 681
56 117
152 520
924 190
597 541
700 917
414 666
764 300
643 623
403 742
903 929
8 214
246 474
212 350
985 90
386 607
531 226
326 418
308 681
240 47
187 552
39 523
464 935
31 651
626 425
916 799
41 163
450 893
122 446
529 406
343 794
969 351
420 1
166 485
126 96
244 973
316 466
176 613
835 982
48 854
509 511
149 702
353 83
101 725
68 418
412 812
314 878
22 23
12 217
491 954
55 213
936 861
99 94
318 825
245 711
141 524
469 911
992 84
276 277
41 648
940 780
7 487
929 924
987 299
309 715
864 30
668 902
978 234
980 620
910 895
819 806
826 86
898 427
721 788
295 423
551 700
190 465
243 78
197 535
241 495
8 201
476 620
461 226
363 924
794 906
994 488
49 851
426 109
856 986
963 926
429 610
578 379
482 324
161 377
5 665
113 96
954 566
687 572
982 392
605 963
687 685
190 847
304 906
550 223
173 21
791 707
39 606
152 770
505 232
320 218
329 442
312 584
888 935
304 744
545 942
322 609
933 15
221 365
4 277
465 790
934 782
231 614
874 553
601 503
677 10
199 698
800 459
810 764
724 90
909 248
378 538
552 75
737 977
258 426
645 718
687 455
656 25
965 33
412 572
261 682
387 611
954 920
211 359
249 664
658 730
901 858
558 451
797 921
165 56
11 12
837 392
278 248
590 848
827 430
867 929
870 448
301 955
402 530
384 9
793 355
885 525
155 886
929 355
34 73
350 759
901 653
629 520
876 983
627 491
59 599
835 22
928 404
307 593
151 704
389 91
411 703
267 691
198 741
471 691
275 156
795 597
719 521
503 194
38 205
721 333
707 270
178 960
51 370
38 92
132 17
189 192
393 57
978 696
471 774
700 716
902 708
598 215
772 515
274 337
937 23
979 492
164 352
457 506
153 977
338 431
981 311
269 987
369 426
573 141
424 156
813 670
492 510
912 241
951 304
757 65
408 432
12 18
322 918
895 503
864 265
442 211
480 2
499 286
836 999
619 497
432 485
620 846
234 17
880 995
366 626
276 350
760 185
758 964
232 626
589 618
205 612
992 28
277 116
874 264
486 266
470 911
208 251
271 586
258 579
578 844
368 750
267 708
381 145
163 962
58 244
976 927
224 724
429 92
260 446
582 579
163 595
419 55
441 85
868 788
464 82
228 139
618 383
158 218
713 513
218 97
536 6
403 17
276 769
168 906
265 16
695 518
702 358
498 768
891 315
85 352
198 705
290 532
424 542
226 662
354 323
791 338
549 610
513 564
347 602
893 757
160 31
528 803
47 789
860 788
576 575
995 39
133 348
84 270
237 280
610 850
238 531
740 753
354 20
517 375
439 258
645 467
730 135
5 948
905 638
690 252
822 961
272 45
974 572
780 461
932 289
934 27
549 152
399 801
893 798
610 406
387 669
796 615
110 817
629 27
353 784
154 803
728 708
188 582
281 220
693 751
766 495
556 345
629 829
171 765
945 982
875 661
551 598
667 747
888 232
917 25
162 436
516 954
59 689
973 597
82 754
814 579
48 430
289 948
940 910
950 387
972 719
332 878
629 704
965 258
624 818
143 134
915 857
328 541
475 862
367 868
522 29
618 738
213 334
133 13
347 833
512 138
836 695
521 172
80 140
579 866
655 57
753 171
277 963
248 845
817 954
838 620
624 728
805 381
511 796
408 957
828 571
763 239
88 933
820 414
991 407
408 812
511 936
6 180
523 889
372 495
126 524
252 991
808 333
592 420
611 128
59 661
279 104
382 913
653 923
904 854
936 401
921 483
259 132
633 809
484 142
210 829
121 238
874 468
394 146
352 406
775 686
780 64
359 237
303 775
918 210
258 904
581 124
35 24
628 441
222 718
154 950
68 373
452 183
579 670
76 715
763 493
764 568
525 758
489 462
275 711
717 387
423 455
595 782
299 189
617 970
569 687
238 450
366 247
702 589
805 192
436 993
574 523
828 783
433 371
445 621
906 991
66 354
410 912
812 283
168 933
194 222
18 272
321 193
873 940
706 519
787 28
237 45
609 890
332 455
118 464
691 696
178 989
803 774
418 408
492 253
368 435
62 187
355 143
788 789
298 469
161 971
951 920
735 97
614 882
122 558
889 450
62 612
504 800
16 332
329 155
973 910
279 253
980 94
47 257
254 351
292 120
184 865
775 637
28 594
323 578
361 667
145 650
607 494
832 972
580 634
652 95
529 812
415 3
770 14
116 58
922 245
559 760
338 12
92 35
699 13
223 987
603 681
894 120
253 80
514 222
519 431
906 816
263 237
450 404
234 367
510 496
175 627
926 454
177 709
713 411
971 747
546 690
759 584
733 37
615 484
211 930
703 152
556 982
464 6
172 975
871 153
17 906
973 187
206 190
461 487
421 870
740 105
902 776
526 932
764 119
801 251
660 810
455 94
847 8
804 925
87 627
558 85
762 771
434 294
966 693
166 241
713 919
260 894
482 58
588 229
674 964
398 919
494 576
904 824
961 825
767 453
168 243
758 136
545 683
878 785
791 170
885 59
614 459
338 206
28 694
841 189
625 803
127 856
148 563
724 238
173 32
361 256
144 298
185 562
811 674
849 619
979 920
73 357
827 92
777 504
519 258
701 635
910 91
456 202
590 941
556 261
704 560
45 264
243 97
750 567
879 401
609 373
6 125
328 659
314 458
246 897
686 610
543 319
391 706
989 755
996 177
869 397
173 725
989 868
904 442
501 622
177 860
506 824
414 515
6 223
479 59
796 367
30 563
734 551
835 416
584 608
492 197
420 954
903 959
905 306
763 194
449 158
213 237
344 116
244 725
587 97
700 320
739 442
9 551
283 384
24 784
576 845
444 245
799 557
606 341
550 337
712 114
581 357
925 787
491 835
718 518
168 382
461 551
904 562
465 684
581 246
230 492
231 957
73 568
608 700
384 438
40 312
258 403
760 359
63 708
799 208
215 393
615 104
727 530
283 893
570 347
729 212
817 130
584 147
750 608
689 358
78 93
150 638
832 577
63 779
101 196
950 362
621 781
361 175
534 720
354 800
134 34
11 309
163 590
147 341
186 309
9 340
605 154
925 222
623 33
769 370
293 532
481 35
827 902
117 880
924 922
872 475
399 88
60 720
618 330
834 907
403 866
138 914
821 191
717 894
664 374
887 178
890 402
469 21
401 221
958 459
134 761
283 209
710 423
912 751
621 115
877 9
878 290
200 901
833 99
762 827
501 277
691 381
74 345
899 776
208 527
562 754
87 793
951 548
97 793
122 444
785 34
3 217
112 250
629 299
167 192
577 384
726 547
451 687
141 215
918 497
303 591
864 323
274 971
349 389
649 749
83 41
943 919
947 464
443 37
239 426
405 4
906 571
246 700
709 54
968 368
83 10
897 852
850 514
681 557
41 654
650 548
157 532
908 364
38 887
797 548
524 348
29 730
431 858
453 554
956 320
618 402
195 127
132 596
738 795
25 988
85 596
197 678
642 597
259 875
924 591
655 969
180 495
18 510
23 918
683 496
371 636
234 414
756 585
482 322
501 550
48 568
178 587
18 160
105 765
228 305
390 336
588 17
113 247
636 773
969 910
933 811
290 831
536 571
260 155
668 8
446 682
398 777
184 405
424 388
888 937
526 5
415 718
432 123
979 323
967 290
273 306
331 580
829 221
121 24
692 587
605 310
589 913
478 388
939 914
136 965
49 356
912 38
36 102
990 483
816 450
680 145
11 945
976 663
576 369
595 207
524 241
449 777
671 98
808 518
12 477
966 538
769 254
474 364
951 146
349 572
647 245
775 960
690 600
51 922
659 731
567 418
24 34
411 36
637 442
124 339
767 555
845 141
973 88
367 185
868 882
778 70
483 468
656 630
492 542
474 49
495 357
206 744
413 466
234 657
582 486
260 315
644 94
321 307
860 748
482 358
137 129
624 515
198 618
77 679
207 712
735 122
924 224
584 581
380 504
627 553
757 666
812 941
852 898
633 657
696 238
554 443
863 2
313 674
23 347
725 109
748 834
731 566
535 764
965 960
191 790
782 911
508 942
734 388
424 15
188 120
872 593
338 429
908 865
468 216
510 87
496 283
974 550
227 595
856 129
782 681
715 710
933 259
540 491
504 27
432 264
620 825
748 262
676 251
589 774
182 356
535 160
25 431
633 194
101 636
70 425
558 114
447 721
603 519
719 509
290 140
589 616
71 785
898 335
572 794
918 778
874 557
966 518
146 847
149 168
640 533
542 817
341 656
693 427
73 567
438 350
242 887
573 785
3 918
301 558
471 386
220 642
494 97
665 315
719 616
122 656
459 443
699 980
350 608
261 209
299 418
137 451
599 119
922 559
650 332
161 438
95 837
588 447
613 792
636 111
86 136
342 230
787 87
96 988
498 992
687 758
230 839
963 630
82 571
273 958
756 709
523 718
672 4
554 232
204 929
693 233
502 154
675 820
491 407
147 579
633 674
635 380
230 560
677 127
553 33
256 865
151 392
619 800
545 709
306 243
589 968
315 131
780 463
760 480
529 201
32 623
399 803
12 48
819 640
378 592
287 126
755 574
81 595
508 630
549 504
448 701
767 828
327 867
191 833
326 690
24 380
741 721
580 337
284 950
253 23
951 218
224 771
264 925
323 403
845 367
163 992
38 764
348 444
797 353
154 741
560 535
768 105
337 966
525 771
507 245
134 368
369 501
134 333
393 69
678 654
21 597
218 659
742 260
134 476
856 624
51 398
626 38
535 864
419 902
434 477
449 95
416 896
666 864
668 182
563 408
967 138
951 769
921 854
99 152
579 898
467 412
106 676
201 712
933 135
826 809
4 173
967 424
862 134
826 920
494 778
832 341
732 694
550 976
473 525
511 205
757 229
816 277
529 36
607 359
757 150
595 359
743 359
656 161
319 564
371 105
269 882
491 814
935 849
149 812
885 242
830 685
488 568
965 74
10 369
20 575
628 276
236 150
118 626
399 549
239 282
558 426
447 745
249 626
512 526
510 180
660 510
977 278
23 272
820 708
983 792
620 694
471 884
798 151
713 509
732 399
42 942
453 698
94 880
366 245
878 747
882 367
898 712
994 789
869 115
707 912
447 173
820 905
731 126
734 819
725 532
228 476
623 181
240 386
334 243
677 610
734 621
184 201
4 988
155 344
360 906
17 351
701 493
652 823
299 537
330 881
203 453
222 419
884 216
410 748
188 509
47 792
936 337
700 666
596 475
579 527
710 295
605 531
826 956
41 156
821 711
951 696
883 798
818 79
839 999
456 276
222 227
3 233
757 106
935 700
279 364
743 139
67 954
656 141
88 511
987 765
435 594
278 940
923 441
839 149
521 549
721 570
667 956
415 146
128 884
392 638
607 137
993 814
866 532
978 58
274 719
525 647
196 3
489 31
237 681
418 5
864 61
936 602
506 826
656 329
620 47
612 538
209 25
343 50
950 478
238 476
339 911
444 951
907 297
450 180
259 838
828 813
25 552
275 442
768 192
73 788
996 110
156 373
184 118
721 305
796 261
869 329
321 163
714 650
270 100
364 775
971 297
882 964
117 585
243 642
961 499
66 153
602 455
513 606
364 918
996 189
947 278
687 834
28 93
229 716
53 574
795 547
60 366
23 346
1000 549
251 509
71 174
454 50
165 37
118 79
835 885
710 259
586 309
164 355
165 950
265 62
442 338
70 125
967 257
473 581
607 302
311 381
41 777
369 692
356 950
162 527
818 217
818 194
488 652
430 243
314 805
922 164
50 557
390 662
33 907
34 420
417 532
534 121
438 130
375 765
945 94
996 839
819 581
154 25
367 393
188 556
214 65
727 505
951 241
699 152
144 397
685 933
817 245
26 798
141 819
988 890
916 143
440 788
607 896
793 380
524 500
78 353
685 839
102 603
489 678
697 137
937 666
349 850
63 68
232 64
419 946
532 205
113 963
351 345
940 426
137 83
928 290
712 473
604 607
610 668
910 487
958 66
322 168
375 500
179 281
679 156
115 860
425 249
688 561
943 347
142 62
647 979
463 966
853 74
549 520
765 942
344 118
507 898
515 689
956 837
208 549
925 606
804 657
638 136
296 136
829 34
101 987
235 765
144 844
456 590
543 213
939 831
605 460
54 626
571 580
442 400
939 844
597 792
980 144
514 316
607 403
116 350
740 816
585 241
453 129
914 661
184 906
918 53
227 812
662 206
337 377
29 579
391 92
604 473
533 851
646 722
208 490
256 262
287 861
185 814
224 772
280 22
858 463
141 855
533 53
57 356
275 285
225 808
637 97
640 165
593 251
836 297
730 820
911 281
218 64
401 544
811 16
721 95
502 648
782 494
821 12
74 899
570 780
272 967
609 994
316 580
613 938
179 481
815 610
503 22
513 740
735 475
458 437
310 690
739 796
167 287
761 820
621 210
541 507
928 189
382 708
53 340
774 583
143 548
288 203
238 579
579 373
99 155
528 913
450 723
143 837
363 286
299 983
518 544
95 21
433 428
273 187
147 606
134 936
28 427
36 878
257 905
482 962
925 836
50 62
641 993
643 47
992 923
420 412
775 538
355 350
982 782
396 485
624 246
628 742
754 873
187 488
983 580
766 300
714 459
419 45
764 708
799 71
620 544
627 43
299 33
962 739
965 508
695 135
202 1000
594 22
548 443
91 48
51 640
238 449
615 509
217 586
659 415
950 354
194 882
209 222
318 456
964 346
968 925
873 768
991 615
946 914
242 241
762 520
851 825
910 302
753 251
751 848
679 215
863 266
190 992
85 150
568 176
517 25
830 208
136 60
924 13
375 301
30 920
895 522
472 116
113 326
41 481
683 116
260 133
354 104
909 304
462 579
536 684
350 4
277 341
170 662
317 197
302 363
909 385
52 662
403 996
813 549
80 695
107 486
606 100
938 546
151 435
709 357
140 160
306 184
550 671
130 74
187 391
280 611
580 726
802 696
984 267
303 613
7 534
404 982
975 301
634 343
49 491
893 746
400 859
131 733
427 690
892 952
301 149
698 558
289 565
202 554
232 425
379 586
987 267
664 982
675 246
864 173
442 215
874 361
690 553
198 940
57 412
224 699
318 277
944 164
727 171
384 548
570 226
648 680
976 213
47 686
357 322
985 681
234 671
181 948
460 77
491 164
869 487
769 553
916 296
901 108
489 884
294 95
875 874
522 818
908 735
490 954
713 933
790 735
248 648
579 972
619 651
428 928
695 817
294 825
317 120
914 234
572 498
330 997
258 286
4 358
65 368
953 527
170 428
70 995
198 52
273 131
277 587
406 417
743 456
102 464
709 712
568 648
487 730
537 639
334 647
500 171
174 44
47 294
72 914
164 66
224 317
135 963
46 106
583 449
897 752
696 44
419 20
854 857
899 286
918 880
41 554
654 381
927 436
766 356
665 253
775 768
686 165
444 528
546 584
196 465
34 276
799 31
620 616
290 253
823 901
609 281
295 364
759 779
929 402
397 425
920 203
940 246
524 501
747 823
802 243
575 379
492 749
788 66
661 188
370 17
579 479
462 705
802 98
969 121
96 513
265 20
945 618
595 850
825 44
226 547
542 499
673 96
657 667
274 237
852 731
28 203
579 138
657 564
644 310
829 750
276 722
61 836
450 861
363 420
346 666
151 823
514 761
57 327
847 623
191 189
930 821
865 388
732 422
48 489
762 4
286 868
383 28
611 249
776 258
598 465
396 115
914 496
737 819
168 210
922 999
830 548
670 825
946 33
948 695
341 519
491 836
22 12
940 519
98 766
960 205
870 832
980 256
908 101
509 312
510 115
314 966
488 621
487 353
770 501
76 844
681 566
556 454
24 719
82 61
840 145
452 95
769 139
384 215
2 794
242 695
6 818
547 106
286 194
492 819
148 167
242 774
63 820
101 193
546 334
195 132
508 197
864 853
121 876
621 923
897 355
935 465
206 695
246 992
285 60
198 775
513 985
473 260
453 998
57 69
702 439
869 430
427 215
998 514
656 975
750 419
734 996
915 202
790 970
348 846
359 20
15 117
255 592
346 860
699 720
578 760
852 742
854 60
13 628
509 605
973 418
118 379
501 353
235 701
218 389
297 18
423 726
299 588
999 567
433 594
530 192
397 503
575 40
520 118
922 694
887 322
544 108
378 958
145 503
297 204
190 513
442 801
350 331
926 880
272 13
715 307
532 987
993 437
810 517
591 725
761 81
50 142
558 152
36 77
737 791
221 87
3 284
421 565
685 296
851 64
924 808
139 332
395 166
895 395
465 286
463 319
709 51
153 220
385 125
277 71
315 508
484 413
546 624
495 255
152 143
633 474
968 81
238 180
702 742
246 802
805 317
195 96
486 417
608 135
63 185
300 285
447 94
260 416
177 558
531 619
293 932
898 710
747 115
86 93
263 568
665 910
143 230
146 710
733 642
26 912
502 661
386 771
431 264
489 927
644 383
14 147
90 317
933 839
471 904
39 708
632 824
652 817
299 539
193 60
156 928
765 996
89 67
333 888
669 766
728 294
985 185
344 47
312 589
386 812
580 930
619 972
303 913
810 455
869 888
672 300
692 935
343 821
198 88
914 425
562 503
11 583
106 971
35 333
309 886
108 361
790 239
539 458
280 612
577 274
46 371
814 225
563 803
605 164
571 253
68 239
353 995
615 975
257 117
429 78
547 375
839 519
921 142
79 178
483 797
811 715
929 766
214 461
604 390
414 476
880 730
722 53
741 279
64 951
104 740
565 537
694 183
299 157
33 297
788 431
764 551
300 257
104 898
413 62
205 188
354 598
850 691
447 195
251 962
969 615
76 175
846 959
613 912
247 438
602 163
416 236
455 197
931 774
556 752
631 300
99 359
29 144
142 945
689 475
990 725
373 765
123 490
910 442
35 860
819 254
768 415
553 671
865 669
627 554
590 960
619 650
925 711
326 348
18 933
769 891
777 336
191 642
106 762
539 250
669 627
504 977
891 719
168 104
79 850
980 752
960 440
495 514
499 711
465 555
999 178
430 155
135 274
81 731
297 550
853 601
606 867
261 888
338 93
980 348
118 949
175 562
6 964
984 518
588 656
309 669
932 412
12 508
861 369
116 824
577 826
819 869
955 89
418 150
368 853
276 40
59 680
979 619
998 261
232 164
86 707
837 649
531 562
676 521
526 764
556 39
372 576
247 372
393 989
696 738
147 170
534 554
630 831
233 769
885 782
337 872
837 939
935 18
960 838
616 934
246 679
506 272
413 292
697 105
995 332
265 9
165 818
195 628
469 125
566 389
159 756
829 749
412 403
760 750
635 19
999 530
622 783
630 362
957 250
762 914
5 158
433 390
142 350
71 140
843 255
438 689
221 319
795 112
579 713
700 99
490 704
625 315
37 157
495 689
900 285
518 868
412 599
974 513
41 875
197 104
235 173
345 339
59 155
410 291
984 708
468 477
793 994
561 334
358 881
395 10
680 364
3 449
46 353
33 518
141 627
128 830
815 626
565 544
62 830
940 68
617 977
580 227
28 762
341 689
417 129
254 934
121 883
646 909
466 737
697 171
309 181
973 238
361 278
281 47
827 186
967 976
894 624
938 214
6 270
9 58
481 524
454 956
978 450
96 780
99 447
377 705
765 622
161 704
960 576
403 460
564 66
587 291
623 481
844 466
94 241
98 236
235 845
382 524
187 558
977 704
796 156
160 358
179 130
454 120
274 658
541 624
252 843
884 40
335 444
729 321
969 466
572 153
152 907
828 115
26 53
67 963
839 467
412 810
306 357
749 527
898 97
917 707
145 923
386 141
770 758
120 951
942 110
193 701
927 510
106 246
639 32
58 373
336 639
297 655
814 932
690 334
304 157
896 497
932 279
202 564
258 738
386 431
957 932
553 705
361 109
788 694
522 486
854 947
803 403
133 680
119 595
893 8
489 322
69 580
479 955
635 689
376 588
177 557
161 160
773 489
693 130
509 609
323 485
53 148
290 742
990 623
619 551
812 679
173 943
749 252
198 514
741 312
75 469
916 645
440 182
761 726
246 286
27 112
873 544
677 496
199 108
511 686
385 996
798 624
69 640
195 989
615 532
977 659
942 607
281 477
657 797
14 349
129 121
316 29
891 659
766 541
396 165
490 280
161 808
127 372
681 433
918 294
210 651
463 79
72 632
533 725
295 774
685 506
408 602
460 947
508 731
689 294
240 525
866 817
794 18
157 722
894 131
143 592
128 984
664 570
501 927
541 920
486 145
508 441
344 650
461 973
104 598
283 825
747 508
53 829
812 176
760 897
153 341
64 904
393 710
546 260
632 187
315 761
104 884
216 846
656 731
953 367
25 622
39 214
702 530
355 645
465 197
428 463
656 618
475 876
539 915
993 751
578 695
475 669
544 634
247 433
656 776
825 135
682 792
371 429
462 820
411 466
353 41
184 232
786 253
203 21
543 811
746 470
94 201
425 956
304 827
191 653
754 491
683 557
412 733
607 154
700 296
993 274
23 53
248 471
874 631
800 382
16 429
795 914
1 543
791 48
683 715
575 969
619 201
572 65
760 481
960 227
889 195
211 43
31 252
947 415
771 205
779 758
67 552
708 70
314 915
576 290
794 409
737 985
327 891
111 800
670 312
116 386
432 249
914 691
287 821
950 159
370 301
632 104
457 164
7 186
634 954
157 329
86 593
215 183
915 613
920 205
24 2
464 185
489 282
604 314
994 873
591 441
613 209
9 291
691 827
157 107
474 444
821 388
108 644
453 768
312 236
264 847
377 970
375 211
164 1000
312 91
864 536
394 549
224 99
632 659
544 757
753 156
411 782
499 427
772 269
579 386
556 612
43 906
928 3
570 568
648 130
175 943
668 221
669 820
468 939
826 785
813 841
763 182
340 237
696 381
951 991
339 591
865 410
749 264
78 122
478 294
62 545
818 899
344 503
678 415
383 495
59 301
405 265
10 763
123 930
107 473
969 390
805 872
476 178
689 775
414 398
602 828
197 248
932 109
127 891
537 379
885 139
429 405
432 391
127 712
738 447
929 743
48 247
693 745
436 582
328 71
77 372
958 711
760 74
689 114
565 559
675 35
824 743
268 704
577 872
832 582
778 571
153 190
295 227
483 387
319 233
360 470
107 835
498 124
587 998
185 126
541 723
502 655
403 416
868 20
116 721
485 548
472 893
15 119
364 827
419 906
133 152
699 318
262 564
446 337
963 713
160 42
949 358
421 157
852 599
943 376
7 154
263 922
947 893
969 917
807 729
991 12
557 946
616 370
502 75
451 999
899 783
834 328
191 709
602 732
409 610
735 920
863 215
957 398
151 59
635 284
670 781
888 978
786 374
1 726
718 837
59 472
114 805
780 280
140 191
402 486
454 283
738 142
795 381
802 659
250 468
1 496
888 334
130 209
527 723
197 220
861 983
418 795
720 903
404 858
634 673
357 418
68 335
305 171
163 213
805 622
261 704
210 232
504 309
401 965
422 989
741 753
957 788
210 379
456 611
926 104
893 918
896 272
642 780
94 997
747 701
727 275
802 198
493 377
901 658
565 805
272 888
458 867
220 582
756 688
974 363
134 146
488 406
198 865
642 705
510 779
276 967
595 739
355 838
708 834
450 78
898 998
292 51
248 913
985 364
180 10
19 140
76 107
823 384
155 348
4 399
449 63
454 808
915 454
990 654
114 645
226 971
522 748
134 734
162 998
92 800
164 405
861 532
992 749
240 66
369 930
687 904
335 90
913 59
629 444
122 559
331 490
66 629
71 484
59 484
810 596
300 522
763 604
446 792
657 463
269 769
435 553
288 751
700 107
719 313
832 83
740 868
193 751
508 724
35 220
827 872
352 72
280 661
413 333
233 347
654 575
676 195
931 918
568 956
992 152
150 366
192 464
345 802
37 744
352 150
850 109
871 769
664 985
803 992
646 665
851 301
91 480
148 89
849 188
335 757
543 432
394 249
219 68
390 133
138 226
413 60
72 354
823 753
495 352
371 686
215 476
450 35
933 694
664 405
157 653
542 410
946 771
85 341
303 386
927 708
15 62
734 930
366 358
316 527
930 475
995 163
528 419
745 30
194 478
492 246
42 154
942 521
912 556
696 243
1 963
459 895
23 342
795 249
796 86
697 505
545 978
435 246
364 176
169 422
711 310
583 15
490 746
227 713
466 371
763 395
356 803
515 900
929 827
61 338
136 535
357 747
448 793
925 777
733 320
532 925
745 626
763 745
73 13
10 550
868 106
940 224
818 337
451 392
148 424
96 105
408 341
119 839
10 393
319 385
965 159
56 711
20 866
292 975
353 751
45 241
564 871
581 975
853 810
859 805
479 732
81 165
67 470
769 78
733 949
591 267
439 526
408 311
68 820
142 599
39 245
665 318
190 355
742 828
673 795
485 301
217 647
133 385
555 548
124 82
640 507
916 344
129 634
264 991
707 437
691 984
554 288
203 210
994 571
242 308
133 163
319 648
807 682
899 628
282 542
199 55
33 338
460 417
762 801
506 99
326 446
75 250
956 833
114 604
283 489
783 428
861 604
878 618
477 851
210 603
740 591
463 224
485 996
343 782
561 389
873 55
72 546
469 544
101 697
28 609
675 742
876 285
453 252
36 84
519 553
25 285
832 923
740 828
232 695
784 30
112 513
956 372
758 904
101 411
908 503
620 937
350 761
861 433
901 759
742 625
22 365
297 802
746 979
570 357
867 913
279 743
375 626
430 625
403 177
889 538
85 713
402 597
242 916
590 130
675 860
877 558
569 261
453 850
114 218
579 444
211 864
939 36
78 496
946 888
803 565
455 254
424 594
924 775
817 721
838 837
488 345
596 202
441 709
472 561
765 620
235 545
587 340
90 292
905 199
925 284
782 191
515 512
311 765
139 820
891 939
844 291
496 433
250 128
948 449
515 830
207 338
889 303
597 998
726 714
676 459
137 17
356 227
331 711
922 855
525 218
691 142
89 544
879 829
328 639
112 335
311 161
580 766
124 786
895 39
608 751
236 736
129 314
130 21
546 850
957 704
745 586
650 814
875 955
162 674
842 256
456 475
884 955
851 50
746 932
710 779
633 366
29 547
551 738
366 924
612 924
777 673
57 237
797 574
300 506
500 24
140 595
694 174
676 877
759 972
834 549
392 528
10 163
305 485
570 91
73 513
57 388
662 443
759 637
365 951
200 412
683 345
560 492
676 671
751 126
552 832
5 219
811 61
548 11
503 65
51 576
308 81
809 556
517 565
599 171
697 423
458 469
756 966
445 185
446 370
820 91
762 486
240 357
994 338
209 670
319 593
677 335
91 670
735 376
459 850
721 752
245 695
624 842
53 598
259 459
725 196
13 200
948 421
210 758
586 365
914 420
40 73
277 420
350 298
886 488
763 607
361 755
586 508
201 90
936 3
404 537
442 340
916 520
432 354
343 532
474 933
449 210
470 665
344 541
477 351
794 387
397 87
157 577
983 981
414 432
714 378
516 692
741 643
813 118
64 539
764 740
48 774
289 698
841 885
860 166
898 391
167 782
336 266
209 28
617 943
689 266
605 422
953 365
811 891
651 978
68 864
142 747
660 108
509 658
510 725
831 197
502 581
750 495
536 161
170 163
315 822
411 695
618 549
878 19
91 943
904 48
931 173
761 775
703 108
445 876
941 807
526 943
968 667
865 801
22 734
231 352
351 6
62 460
345 103
588 51
492 216
543 509
833 188
429 713
48 530
647 891
725 119
853 34
507 618
718 992
118 64
766 940
518 978
588 864
19 615
973 986
577 465
836 698
853 260
835 777
378 868
257 907
666 281
581 394
533 759
701 801
704 75
960 229
597 752
605 133
898 39
496 901
685 365
653 271
158 759
50 804
148 425
148 875
331 981
116 101
353 893
774 906
513 309
567 254
35 465
128 853
442 61
775 909
447 300
513 166
651 217
936 420
59 828
833 897
172 245
484 295
391 789
282 241
340 835
513 215
682 678
771 651
685 817
744 499
358 603
586 694
437 24
981 603
450 149
255 858
551 793
995 403
741 123
67 132
985 649
53 89
129 633
261 108
851 772
502 720
947 581
155 662
856 521
565 175
161 313
289 492
271 308
810 70
282 543
65 133
49 824
409 398
312 810
244 685
886 788
194 338
32 185
401 20
406 359
924 480
31 670
438 692
627 809
959 686
139 745
32 903
452 624
463 144
466 340
474 891
170 908
292 191
684 617
315 246
577 735
12 263
979 95
230 487
984 711
527 761
573 760
206 332
218 222
107 761
665 221
885 919
171 182
893 799
732 131
401 991
770 352
780 777
512 727
860 255
777 533
815 639
33 357
250 997
694 114
720 473
148 18
685 789
300 309
138 40
15 290
896 84
698 480
484 57
634 361
285 56
380 122
806 634
128 381
477 367
800 687
244 14
78 608
213 455
820 209
177 881
588 149
610 701
83 807
850 552
838 981
34 589
242 424
460 375
27 365
283 214
433 709
783 237
473 196
365 302
458 144
350 130
623 979
389 974
469 368
56 486
36 693
178 979
735 117
661 882
904 921
815 173
142 313
183 599
627 773
45 594
230 726
620 458
198 112
736 695
429 836
788 893
349 688
580 767
743 157
945 302
853 685
603 822
842 190
534 216
55 392
851 68
838 194
552 487
660 495
339 265
358 39
708 755
548 115
72 140
932 274
954 310
292 945
811 739
836 182
824 790
931 218
336 656
23 656
745 244
384 38
650 257
907 434
176 184
769 437
453 676
612 755
594 112
333 462
545 791
820 992
860 947
4 533
167 216
208 23
686 780
467 770
309 360
968 529
623 179
682 803
111 399
83 850
639 841
42 21
156 13
263 875
648 205
578 217
886 813
985 12
164 407
401 67
645 224
204 912
117 657
492 856
835 526
657 786
288 347
644 40
916 853
648 43
170 659
465 801
155 237
193 338
781 369
147 569
849 901
969 657
930 889
680 860
591 264
439 301
496 301
979 328
314 553
22 238
829 214
888 654
111 816
637 813
601 367
398 733
131 35
365 854
142 283
560 656
481 185
874 304
521 784
92 277
496 922
850 329
870 780
567 665
174 247
983 615
414 294
884 920
791 380
723 26
301 144
283 909
486 148
270 865
325 282
272 410
935 593
521 997
504 339
395 420
586 945
309 310
419 298
59 787
334 155
851 303
138 398
402 523
609 353
684 117
997 970
944 202
963 182
241 134
76 453
314 318
336 410
181 58
926 89
703 894
589 129
544 989
651 802
493 125
773 347
833 480
446 13
363 657
716 411
422 10
540 745
317 288
892 180
507 158
212 864
96 823
95 543
943 333
256 440
825 996
431 409
144 553
848 610
41 439
578 118
943 306
636 800
360 635
625 49
437 921
957 210
505 147
35 702
52 704
218 744
331 315
245 419
672 477
417 994
568 286
17 232
1 739
952 957
900 293
776 363
249 7
863 888
438 971
24 939
807 70
796 997
690 160
429 140
178 396
287 242
469 763
990 311
728 834
743 58
376 92
694 474
55 20
718 460
663 341
477 418
153 20
18 376
581 60
693 658
626 663
309 665
448 351
284 937
102 992
337 723
698 235
590 949
655 763
233 992
968 109
203 648
920 208
258 971
388 558
560 87
427 960
177 537
39 247
266 916
850 768
962 454
781 898
817 457
893 190
161 109
358 118
773 302
371 652
38 772
898 829
425 449
868 115
171 229
775 830
986 226
859 272
20 390
938 129
924 172
90 334
806 136
899 630
991 132
296 643
564 106
716 157
443 515
613 739
583 975
207 459
463 893
856 471
982 683
940 817
700 344
524 526
45 83
80 884
139 633
144 209
933 351
93 146
777 445
723 775
373 130
549 143
224 222
956 135
170 796
465 676
232 697
853 633
379 954
219 597
412 457
628 319
633 231
7 356
931 80
970 694
790 566
684 648
267 72
50 600
788 670
37 686
850 51
188 718
483 678
286 199
435 991
310 217
336 324
478 899
656 663
585 311
822 36
937 990
602 329
119 678
824 456
401 649
772 936
902 31
321 466
342 456
589 73
807 150
243 986
647 361
389 9
411 705
68 712
787 410
471 669
937 521
977 888
650 174
66 57
307 769
750 23
185 349
995 364
227 246
216 325
161 708
180 160
308 413
682 110
848 890
762 720
411 924
708 670
32 87
285 635
1 920
899 995
703 389
838 756
218 561
161 120
421 508
759 146
407 57
891 794
451 889
910 144
140 299
571 521
681 89
594 682
518 836
596 172
706 572
182 517
614 568
795 382
322 932
988 325
537 683
610 435
828 921
193 689
583 388
163 73
184 940
561 366
465 273
505 624
215 421
969 129
37 753
497 640
921 38
634 543
410 549
693 714
620 542
328 102
970 573
996 304
214 916
405 238
888 158
449 982
656 356
376 259
55 354
59 871
190 479
637 430
835 796
107 915
110 278
664 158
348 415
42 734
479 935
86 783
169 745
822 179
570 200
453 820
129 902
294 504
321 446
998 592
659 274
678 594
388 772
280 389
63 410
303 491
893 471
651 743
191 294
156 539
198 518
627 676
833 293
281 910
835 467
530 383
749 137
15 197
769 993
919 403
740 348
598 557
653 579
47 212
599 395
514 779
695 916
536 515
62 307
416 371
900 650
558 563
45 548
83 657
320 45
400 149
336 229
175 342
876 284
966 199
232 780
259 235
541 705
505 321
213 624
396 48
144 25
680 123
884 763
131 805
763 718
845 385
395 872
583 475
823 360
292 240
729 399
547 378
783 858
534 84
385 35
974 799
166 872
516 442
124 534
849 488
129 38
702 319
413 870
822 450
492 993
699 117
556 282
828 599
723 379
281 268
671 251
105 48
312 502
509 831
811 893
264 712
964 277
432 910
931 420
651 514
163 526
668 561
945 576
983 392
677 813
623 97
181 958
698 264
920 770
155 543
872 27
640 385
631 299
118 410
134 415
816 578
655 203
273 825
274 18
170 451
943 332
30 623
895 583
472 167
863 485
294 928
886 782
277 6
854 232
506 74
969 594
142 212
515 602
751 592
956 696
740 711
653 760
782 996
948 276
182 816
856 107
701 93
450 880
905 584
799 560
805 239
183 783
580 673
852 78
843 389
862 355
365 825
704 77
443 19
820 49
679 1000
594 916
595 405
448 570
766 366
129 401
202 761
917 494
513 267
871 81
201 295
275 552
827 87
558 485
975 303
770 269
148 137
704 521
279 845
402 293
659 767
368 842
778 147
724 683
393 887
731 145
699 895
773 412
116 987
122 664
747 651
788 63
238 114
914 175
67 134
937 556
534 926
494 331
188 645
460 111
100 198
379 25
863 426
271 129
84 394
403 505
133 160
942 846
100 853
211 604
957 865
501 407
853 226
434 368
515 553
146 188
184 375
661 747
5 375
378 53
877 173
62 459
839 241
240 909
493 565
866 177
903 852
519 36
154 373
691 6
529 423
532 862
790 334
995 668
64 106
448 201
468 260
487 40
260 520
448 888
268 51
642 948
269 838
90 261
980 270
452 935
555 990
429 401
340 540
548 89
162 268
418 866
666 140
478 870
337 370
513 279
785 522
1 59
722 103
499 226
931 177
964 319
976 998
522 350
137 692
615 321
586 601
534 745
719 679
647 74
483 391
727 248
507 285
159 636
459 414
224 633
480 979
699 954
301 667
146 732
988 635
848 462
186 685
355 814
946 887
223 367
100 250
872 83
191 269
476 921
972 54
789 600
919 537
497 402
61 753
319 901
263 769
473 89
679 185
901 143
9 799
177 568
229 700
571 957
869 620
996 968
746 476
274 380
312 695
964 967
587 4
800 685
523 960
504 782
468 169
973 992
758 94
828 48
454 287
45 882
83 67
763 549
213 371
438 803
483 918
245 347
679 817
880 982
495 807
337 461
173 95
927 394
310 408
681 532
646 550
168 609
97 333
280 859
811 626
594 126
561 79
618 8
513 236
162 498
552 662
293 844
906 588
778 216
417 160
204 119
241 484
115 447
281 593
91 166
593 216
280 279
651 824
218 47
739 579
697 640
575 169
116 642
526 551
985 711
201 178
768 363
164 812
575 62
264 922
262 645
513 409
88 766
658 310
345 209
797 161
600 483
887 105
13 914
713 946
158 735
455 509
242 458
798 629
570 764
330 889
44 959
77 592
709 955
285 719
456 943
93 390
882 525
246 172
529 478
986 543
239 797
370 924
829 99
100 673
261 734
880 133
672 657
781 81
987 836
400 948
240 691
627 165
178 377
201 40
637 525
33 999
710 987
658 702
110 759
97 504
482 690
736 145
183 238
241 660
44 176
945 955
858 620
716 834
474 373
771 515
996 466
557 28
695 224
292 693
258 997
958 530
172 163
406 632
665 294
205 460
722 337
426 274
391 720
897 331
312 213
869 415
284 267
603 111
87 182
869 907
882 26
904 392
834 857
919 720
809 909
541 94
906 461
730 9
222 357
726 801
730 184
167 429
394 795
92 768
734 339
471 795
739 59
942 636
485 146
562 691
228 770
359 363
822 833
538 440
211 208
377 56
613 331
927 810
141 278
325 73
273 422
974 606
995 577
478 371
755 557
848 868
261 866
797 848
130 316
270 976
132 878
680 374
263 37
710 854
695 38
608 904
606 647
440 618
493 317
884 109
900 778
671 73
953 428
606 534
99 892
25 833
524 285
435 348
628 153
629 576
388 552
355 599
816 35
376 538
466 353
55 730
902 49
461 351
265 140
599 921
